0.0	2.8909369912536613	0.5841901362702796
0.0	-2.75712561465035e-15	1.1179238159846185
0.0	-3.012072730339289e-15	1.2650901669065633
0.0	-3.1031140688825995e-15	1.236866364291959
0.0	-3.4152160242231986e-15	1.530739161152612
0.0	-3.5491452842385297e-15	1.5215151004098872
0.0	-3.557562802164798e-15	1.3292861134597596
0.0	-3.69496814844383e-15	1.4884055800092586
0.0	-3.716916195570641e-15	1.4864680609760963
0.0	-3.778550605772156e-15	1.339384609281301
0.0	-3.800459456187789e-15	1.3486222787223605
0.0	-3.909770204851752e-15	1.5170773495575662
0.0	-3.982883309551355e-15	1.6711403258130166
0.0	-3.996876726787451e-15	1.549024331009547
0.0	-4.04221382368695e-15	1.5661160318260967
0.0	-4.065890411675128e-15	1.5344151309843888
0.0	-4.096905215187136e-15	1.5122913739997228
0.0	-4.103161614514036e-15	1.5942049557477567
0.0	-4.125748516450769e-15	1.555470595865609
0.0	-4.2508361726020444e-15	1.428343221490418
0.0	-4.270786803377115e-15	1.3569044159307795
0.0	-4.284718390363305e-15	1.6547032194464244
0.0	-4.289543088373352e-15	1.4164017543479968
0.0	-4.308317421763053e-15	1.464162535415519
0.0	-4.331625508635136e-15	1.5185460671565014
0.0	-4.338245591377306e-15	1.5806439754255417
0.0	-4.348148356312272e-15	1.4514064966109317
0.0	-4.374334559663428e-15	1.5823686040680152
0.0	-4.410363958058927e-15	1.664374978186495
0.0	-4.4304219852988074e-15	1.4893165263607562
0.0	-4.442665867707201e-15	1.4061210820165686
0.0	-4.4926465766972744e-15	1.5054565120136374
0.0	-4.504338566445964e-15	1.5024636425029048
0.0	-4.512345077675202e-15	1.4234151394723653
0.0	-4.514865141854086e-15	1.5306859819016483
0.0	-4.553717037741827e-15	1.5816131594318066
0.0	-4.562566249840543e-15	1.4204920784508543
0.0	-4.563955805957882e-15	1.4540704086668408
0.0	-4.691322867321675e-15	1.5634048962859681
0.0	-4.7145952877127126e-15	1.5562682934151095
0.0	-4.731909687459426e-15	1.5733477966322589
0.0	-4.757176394455077e-15	1.4569603300270895
0.0	-4.76493957033231e-15	1.2850377498736927
0.0	-4.8513323001157995e-15	1.5343654515952219
0.0	-4.8619318469115285e-15	1.4245664009408674
0.0	-4.878454968384544e-15	1.5451964180885283
0.0	-4.89724541577215e-15	1.5310074613458209
0.0	-4.918170722731512e-15	1.573615805681276
0.0	-4.987411451599763e-15	1.4484582449497811
0.0	-5.052190829368852e-15	1.5680756982343047
0.0	-5.1769004185456806e-15	1.32906663188001
0.0	-5.1796675288844904e-15	1.5541207115338815
0.0	-5.1874994456701374e-15	1.445844958544401
0.0	-5.214397193616044e-15	1.489760409164247
0.0	-5.237976731623468e-15	1.5605062922597341
0.0	-5.294119912999396e-15	1.4831260514951243
0.0	-5.295897093783597e-15	1.4411965971272849
0.0	-5.327771079518645e-15	1.3124551348468565
0.0	-5.3627075723592806e-15	1.4666146835727831
0.0	-5.643427843248838e-15	1.1758484534572553
0.0	-5.6956753588111475e-15	1.3295910456821087
0.0	-5.710035224269759e-15	1.0818761799299368
0.0	-5.961224325253935e-15	1.320070551380392
0.0	-2.8909369912536627	0.5841901362702793
0.015	2.895184221104871	0.5812107448154853
0.015	0.1493605235811366	0.1897224151467981
0.015	0.13040932001467256	0.5042038685761459
0.015	0.1261002442136235	0.46312874352267147
0.015	0.11170383081016279	0.5276045563009873
0.015	0.10659472308980189	0.5512110353604536
0.015	0.10132616571073569	0.8972679903597606
0.015	0.09471077224831556	0.6920868574865041
0.015	0.09048947754361704	1.0344444208610841
0.015	0.08810007432270438	1.0284490450962298
0.015	0.0859188297162788	0.9905719384104176
0.015	0.08144450996588684	1.068021525113099
0.015	0.07524519766555814	1.303447770267308
0.015	0.07246536769121255	1.2794950018734677
0.015	0.0712360121974648	1.2904748716771728
0.015	0.0680452442291846	1.3738594718624446
0.015	0.06534163526648812	1.1201597943691664
0.015	0.06136693798268047	1.2834887540394935
0.015	0.05890536275130862	1.3126922334953433
0.015	0.05750753857883748	1.2379092973709929
0.015	0.05196710033391218	1.3523097200131635
0.015	0.05029927210909433	1.3854037010978415
0.015	0.04654776499008661	1.2906961894789208
0.015	0.043307813989539784	1.198411810519931
0.015	0.041984194833819447	1.4107562487095295
0.015	0.03898825755504038	1.4640058472539392
0.015	0.03758235568809553	1.4917410383053153
0.015	0.03377180050383857	1.588139128432351
0.015	0.03246747786818697	1.4594628425024647
0.015	0.030254389782287505	1.4444388756328996
0.015	0.0286595904517411	1.4679143962240662
0.015	0.027432268690234712	1.4708101751200202
0.015	0.02466723707562239	1.4718034356767866
0.015	0.02000766324797225	1.5060580257681089
0.015	0.01763998318083293	1.4873111504965513
0.015	0.015188278465264068	1.4301425698194752
0.015	0.014050490407048899	1.3960810362784717
0.015	0.012568776079923717	1.6028972588786903
0.015	0.009069298168534311	1.4388562990317622
0.015	0.007116417462220044	1.4604724795422068
0.015	0.005814684753568549	1.4846813448391212
0.015	0.0032726125413748744	1.3948556826221752
0.015	-0.0004801880701894035	1.4965241271087872
0.015	-0.003389326866581256	1.3914496152760822
0.015	-0.0048936729743268206	1.336836292251206
0.015	-0.006056065035684464	1.4590304425844183
0.015	-0.011155860430975374	1.3349639824350488
0.015	-0.014551326447205176	1.3881981069991038
0.015	-0.017532810320946175	1.137951246443489
0.015	-0.020890878615654956	1.2710027811768898
0.015	-0.02276379077964007	1.4166505467040518
0.015	-0.02607755032777446	1.2667973056532003
0.015	-0.03156631152456062	1.1940127147877697
0.015	-0.03620449207393	1.2862907951666311
0.015	-0.037014117289786486	1.2008727457469364
0.015	-0.041285992976394494	1.2168790392614222
0.015	-0.04586141651164276	1.1551582414891601
0.015	-0.05553317484138503	1.0650934662258444
0.015	-0.06040969683340512	0.905078334509088
0.015	-0.062141986046034846	0.9225885717168402
0.015	-0.07052758715312651	0.8947374741537817
0.015	-0.07270778354650242	0.7621709420816831
0.015	-0.09082335626385854	0.33660830454308893
0.015	-2.889417993566444	0.5848748835085944
0.03	2.8969311850958004	0.5708254590830483
0.03	0.29863022286098945	0.19126046639132674
0.03	0.2606413600928524	0.5105259438413842
0.03	0.25213707513615863	0.4567282421389955
0.03	0.22338853927273894	0.5304137013013123
0.03	0.2130850450474326	0.5422703241850259
0.03	0.2023397822548056	0.8949098704104798
0.03	0.1893529497674944	0.6914836234635445
0.03	0.1808608168083629	1.036156965303028
0.03	0.17612194086257812	1.014122093521804
0.03	0.17157438223397473	0.9660893648365496
0.03	0.16254579530075358	1.0660437521319117
0.03	0.15055946364567396	1.3069572894117076
0.03	0.1447784585311401	1.267254596150548
0.03	0.1422647518349036	1.3046862037999716
0.03	0.13609400376319108	1.3726360379352958
0.03	0.13070992780758778	1.1249547705332352
0.03	0.12287272684957691	1.2832071744560842
0.03	0.1178564879743555	1.3492328108919345
0.03	0.11512645850574975	1.2318492612108127
0.03	0.10395609017854461	1.370112669085705
0.03	0.1005138049199407	1.3676251428309698
0.03	0.09317756543878301	1.2917003718845355
0.03	0.08661538667318278	1.208448846081278
0.03	0.08393061694311495	1.401391865001756
0.03	0.07771725676764948	1.4564205856641645
0.03	0.075222188046055	1.483407751905484
0.03	0.06747048038482707	1.5886047514999175
0.03	0.06524352172047236	1.4593495491443857
0.03	0.06049587116403748	1.4231488822057132
0.03	0.0572493975914142	1.4539759459968031
0.03	0.055080260193942146	1.4808461552846561
0.03	0.04938400553540018	1.473618296369107
0.03	0.04006337648507033	1.5035056138527303
0.03	0.03520694950487198	1.496295697164113
0.03	0.03037678630081242	1.437194297367294
0.03	0.028052239248984732	1.3960243761859468
0.03	0.025246664840547196	1.596822738545835
0.03	0.01800125615403017	1.4298848939840179
0.03	0.014468434221115326	1.4562862953480795
0.03	0.011712521143405137	1.4836030734103207
0.03	0.006614847447562091	1.381210342405339
0.03	-0.0006758214122829676	1.5038056088416207
0.03	-0.006581737278389801	1.3574636972132925
0.03	-0.009781536204263714	1.311359005753627
0.03	-0.01192498142425954	1.4642088644137028
0.03	-0.0221117571296234	1.3228336905974847
0.03	-0.029075525968560296	1.3863451373120903
0.03	-0.03528585535064034	1.1221843862899143
0.03	-0.04155848916473477	1.2714440677254573
0.03	-0.04537356112052369	1.4145356727117615
0.03	-0.05246250842939311	1.2599322079565753
0.03	-0.06321685088523797	1.1887486243666983
0.03	-0.07234856779360067	1.1971495112033186
0.03	-0.07397367135246156	1.2153416023584651
0.03	-0.08251083087328107	1.2193324434437551
0.03	-0.09147981504751947	1.1543748788611083
0.03	-0.11096076476205277	1.0657987984903825
0.03	-0.12105891975956913	0.9068152546872555
0.03	-0.12429575334521761	0.9153267531745194
0.03	-0.1408337153791631	0.8962090109676036
0.03	-0.1452753261941957	0.7625508150797943
0.03	-0.1817058959076562	0.3348684575383756
0.03	-2.885522333033724	0.5783192891634293
0.045	2.8960979689464703	0.5532907196277684
0.045	0.4477204878336942	0.19311514936194263
0.045	0.39065383717915214	0.5166660173502747
0.045	0.37806417228580336	0.4497248448683808
0.045	0.33504000546873586	0.5334220534728266
0.045	0.31948383382541945	0.5329158635749031
0.045	0.30298668073004953	0.8928530375804989
0.045	0.2838700368708106	0.6910034913572239
0.045	0.27110918504979026	1.0361730213928462
0.045	0.2640166832436103	1.0005267000342102
0.045	0.25693126755785906	0.9447506673408813
0.045	0.24327233175452445	1.065358670562241
0.045	0.22592567911759195	1.3096444736406818
0.045	0.21692706371439396	1.2546378206587792
0.045	0.21305456557232072	1.321560567196798
0.045	0.20411901622169115	1.3701767438422856
0.045	0.19610240405971427	1.1288561910329915
0.045	0.1844941156429973	1.283087910508212
0.045	0.1768776736202162	1.383529706307443
0.045	0.1728163250162845	1.219551436575699
0.045	0.15598031729678818	1.3828624152695774
0.045	0.15064693162506987	1.3495615269872203
0.045	0.13989558838123387	1.2937459854181232
0.045	0.12990995852572557	1.2195268475383332
0.045	0.12581593185138779	1.393445417760186
0.045	0.11617558877618613	1.4500664241572465
0.045	0.1129192121005783	1.4733515475602184
0.045	0.10116022622106327	1.589870788861135
0.045	0.09825503361699287	1.472236695197216
0.045	0.090753772237268	1.4000577472125773
0.045	0.08579436400799668	1.4422485638762923
0.045	0.0828930239016452	1.4878299313771397
0.045	0.07415898088972299	1.4751888822656334
0.045	0.06018453441266338	1.5014078218328741
0.045	0.052724581113976	1.5067171502144372
0.045	0.04558065366787207	1.4448346244532566
0.045	0.04205076080040606	1.394519967579131
0.045	0.03803320335881017	1.5903822928219749
0.045	0.02677862894115205	1.4212276823348169
0.045	0.022084837851345487	1.4529042162382932
0.045	0.01771738192205512	1.4838208493570793
0.045	0.010014810633930348	1.3683927251245074
0.045	-0.0005708173581108579	1.509658597311904
0.045	-0.00951440775822337	1.3300895125504335
0.045	-0.014647748402163553	1.2778141758483081
0.045	-0.01760271524088213	1.4712088501141822
0.045	-0.03289475379364198	1.3119867689954747
0.045	-0.04355510983557737	1.384176876209586
0.045	-0.05323095763107763	1.1053081215943958
0.045	-0.061982887307738606	1.273696048097249
0.045	-0.06784606308546491	1.4109615290763937
0.045	-0.07916543955340279	1.2538655512928354
0.045	-0.09495897634672751	1.1838962299725273
0.045	-0.108234852770403	1.1062927468088002
0.045	-0.11098982031423935	1.1991286245064663
0.045	-0.12363814621992558	1.2220748717226078
0.045	-0.13682498462155301	1.153211343262117
0.045	-0.16621193445952576	1.067382980698633
0.045	-0.18194151580932375	0.909435953802903
0.045	-0.18641173819768805	0.9106973220198228
0.045	-0.210847200399262	0.8970771921174662
0.045	-0.21767062051555372	0.764757063280825
0.045	-0.27259513939160723	0.33362064197345226
0.045	-2.879270811732309	0.5648910198191658
0.06	2.89270050047348	0.5297580671829557
0.06	0.5965416011701576	0.19530142302897238
0.06	0.5204084692454745	0.522510083285242
0.06	0.5038324448625038	0.4420828513406892
0.06	0.4466444617322715	0.5365937511257703
0.06	0.42580561970752134	0.5233982254032228
0.06	0.4032131809337943	0.8912265834567613
0.06	0.378203538199896	0.690666506933073
0.06	0.36123071420221126	1.034485083377872
0.06	0.3517256252617952	0.9875704273428606
0.06	0.34196528089402134	0.9267649024446544
0.06	0.3235937811766527	1.06614959357725
0.06	0.30132493499292945	1.311592954034124
0.06	0.28890120791149826	1.2411246499021649
0.06	0.2835818806595442	1.3398508011516483
0.06	0.2720885318484435	1.3660239582378189
0.06	0.26151529891704	1.13174871565951
0.06	0.2462021981572663	1.283404292489659
0.06	0.23599253344042762	1.4134811753153669
0.06	0.23053830798019095	1.2018810097523438
0.06	0.20804804481506756	1.391371649273965
0.06	0.20070499230631209	1.331788736443726
0.06	0.1867073973642145	1.296721604109606
0.06	0.17317996798084795	1.2314277131231217
0.06	0.1676224471852744	1.3872148606146977
0.06	0.15435871660933626	1.4449884145730991
0.06	0.15067275089538318	1.4609142409412386
0.06	0.13494177917005817	1.5915525187531356
0.06	0.13137820708489675	1.4990129944269137
0.06	0.12106256360162881	1.3755751137352494
0.06	0.11432259551006844	1.4352661625969894
0.06	0.11081571032612086	1.491598743005252
0.06	0.09900091747930696	1.4765558722954009
0.06	0.08038772124258829	1.4999201298745968
0.06	0.0702158492583949	1.5177595559506616
0.06	0.06081188719399689	1.4533054671056347
0.06	0.056100711526072336	1.3936377405626612
0.06	0.050922769058120584	1.5843753749108025
0.06	0.035386802894437144	1.4131555396912592
0.06	0.02999114785243389	1.4504678661336499
0.06	0.023851434283558154	1.4855376895129886
0.06	0.013458659793909962	1.3566268351370276
0.06	-0.0001531977904856707	1.5141993077923022
0.06	-0.012135396052086257	1.3098665498119513
0.06	-0.019451843602885297	1.2340635824202204
0.06	-0.023095089110622708	1.4788308285053262
0.06	-0.04353579847823663	1.3026106628033869
0.06	-0.057968694473744656	1.3815055310441977
0.06	-0.07133637987172797	1.087820062276646
0.06	-0.08215557670947467	1.2774286367111316
0.06	-0.09019249685451114	1.4060608834998034
0.06	-0.10619462996886739	1.248546601641064
0.06	-0.12679563313640832	1.1796488297736738
0.06	-0.14373620242388746	1.0537403054446344
0.06	-0.14811046930229574	1.180101085356006
0.06	-0.16463219493815848	1.225025515137108
0.06	-0.18186734024667064	1.1516063705584874
0.06	-0.2212182352437312	1.06980602043492
0.06	-0.24304780996425826	0.9136035153391728
0.06	-0.24843742411848646	0.9095117539022944
0.06	-0.2805043016273444	0.8973931752619985
0.06	-0.2898552128432812	0.7686738508088166
0.06	-0.36343751563935023	0.33287014357727296
0.06	-2.870778389335313	0.5458035769739298
0.075	2.8868380060468493	0.5019532811244104
0.075	0.7450026074910407	0.19783900805504265
0.075	0.6498715083302594	0.5279271601219729
0.075	0.6293893614511397	0.4337874110824242
0.075	0.5581882583665632	0.5398969952213891
0.075	0.5320655576967925	0.5139823194370531
0.075	0.5029672303645276	0.8901604218833717
0.075	0.4722928259112244	0.6904867843240661
0.075	0.45122254408064427	1.031181211071664
0.075	0.4391835661561053	0.9749895524135107
0.075	0.42665951328330176	0.9120102042136362
0.075	0.40348136029950726	1.0685725151381769
0.075	0.3767363870121653	1.3128637466801787
0.075	0.3606934170487014	1.226187397290753
0.075	0.35383184113296023	1.358299258417981
0.075	0.3399657974623779	1.359659534647599
0.075	0.32694285163360726	1.1335457704138425
0.075	0.30796395672145643	1.2843929151598363
0.075	0.29522105634900797	1.4378554659550689
0.075	0.2882568141375854	1.1803207490583023
0.075	0.2601628927626691	1.3963851084445817
0.075	0.250696453143436	1.3146948726593128
0.075	0.23361787967499933	1.3004479595284906
0.075	0.21641512559735532	1.2439538210015222
0.075	0.20933863841559205	1.382748678409551
0.075	0.19227094536780207	1.4413611771063959
0.075	0.18848034990525875	1.4452738671184464
0.075	0.16892706437032984	1.5919575214777757
0.075	0.16446586049500542	1.530135017739176
0.075	0.15145825993491752	1.350727353248903
0.075	0.14286099801981952	1.4344988160111993
0.075	0.13879475873192074	1.4928113214673084
0.075	0.1239179526169878	1.4777373726506464
0.075	0.10068869686342845	1.4991710205339046
0.075	0.08770190913930616	1.5286934113241042
0.075	0.07608196881739103	1.46260418793064
0.075	0.07026041401790108	1.3947020878713496
0.075	0.06390849482715528	1.5797440887197414
0.075	0.043814091807236825	1.4061582587577774
0.075	0.038209832810189505	1.4490943732543038
0.075	0.030133250687087287	1.4887538540906295
0.075	0.016931959652991373	1.3460616246057413
0.075	0.0005852783589888464	1.517583056905762
0.075	-0.014404952963679067	1.2962472114662615
0.075	-0.024120713323650934	1.1802110876534961
0.075	-0.02842837922852789	1.483797013856915
0.075	-0.05406757344774178	1.2948855443441338
0.075	-0.07229120240708188	1.3781769055999689
0.075	-0.08956644274535552	1.0703879801520175
0.075	-0.10207818541325864	1.2824175299824407
0.075	-0.11241857201207534	1.3999956012469623
0.075	-0.13355686299574782	1.2439243096333767
0.075	-0.1587232454322514	1.1762305939362363
0.075	-0.17879808768227734	1.034812034533796
0.075	-0.18531927032004694	1.1681551969958566
0.075	-0.20545810931956515	1.2281108332713826
0.075	-0.22657859854971216	1.149501323453391
0.075	-0.2759121231170115	1.0730006914184982
0.075	-0.30436036082947937	0.9201993635797295
0.075	-0.31032150919911555	0.9124989218874546
0.075	-0.3497479219217345	0.8971821228883737
0.075	-0.36178540487568595	0.7741213049709259
0.075	-0.4541775574863721	0.3326285745989677
0.075	-2.8602407718888707	0.5228054513439915
0.09	2.8786719490357426	0.47180999361966375
0.09	0.893011151718843	0.2007533137815667
0.09	0.7790142623950445	0.5327729569153657
0.09	0.7546782005570741	0.4248587826181736
0.09	0.6696576278360743	0.5433048295315963
0.09	0.6382782987745896	0.504932131408293
0.09	0.6021996317494018	0.8897727402672538
0.09	0.5660750241838817	0.6904702632996657
0.09	0.5410828840796222	1.0264541016304103
0.09	0.5263209651107624	0.9625294917151415
0.09	0.511001416265709	0.9002084046726507
0.09	0.48290832175415677	1.0727528167117248
0.09	0.4521370098503439	1.3134981923085978
0.09	0.4322992970851998	1.209364311875598
0.09	0.42379827677478465	1.3757152588868333
0.09	0.40770891747279664	1.3505596588891182
0.09	0.3923766667018364	1.1341972792245072
0.09	0.36974373261185334	1.2862510032406667
0.09	0.3545771402211741	1.4564365792259029
0.09	0.3459407142269293	1.1566094330279337
0.09	0.31232410946398254	1.398561255367861
0.09	0.3006312230145816	1.298520595431751
0.09	0.2806313165389455	1.3046927734510114
0.09	0.25960662919659433	1.2568595550859218
0.09	0.2509586172910624	1.3799040611920799
0.09	0.22993118949135347	1.440240133209591
0.09	0.22633282210260125	1.4256723038496617
0.09	0.20317922221795517	1.5911380941380235
0.09	0.1974095983206559	1.5534078267839224
0.09	0.18197467623608643	1.3271988812646713
0.09	0.17142990225388405	1.4390320500621623
0.09	0.166784215834178	1.4928994221625445
0.09	0.14891719934069764	1.4787322217265715
0.09	0.12110220013165626	1.499260904787617
0.09	0.1052012730369145	1.5389682132352671
0.09	0.09140417947000022	1.4725649087965065
0.09	0.08458500012431218	1.3980611653538946
0.09	0.07698790090217875	1.5772938040065094
0.09	0.052052278705821776	1.401252539229926
0.09	0.04675963511910128	1.4488503621625746
0.09	0.036576363602954035	1.4932948303783116
0.09	0.020421058472948145	1.3367575991360872
0.09	0.0016498188239084536	1.5199852565929828
0.09	-0.016295389488808827	1.2882658990766531
0.09	-0.028547530825472994	1.1236771427345613
0.09	-0.03365471215398706	1.4823625568400665
0.09	-0.06452224264015614	1.288946574135185
0.09	-0.08649414798676143	1.3740793608289845
0.09	-0.10788126734264343	1.0538697796756604
0.09	-0.12176082562912924	1.2885554666974566
0.09	-0.13452496267399872	1.392947828897986
0.09	-0.16125807077069668	1.23994990688251
0.09	-0.1907289395387827	1.1738705169194394
0.09	-0.21340611980937388	1.0356593047953677
0.09	-0.22256999272352604	1.161609728467646
0.09	-0.24608201185948142	1.2312612186775427
0.09	-0.2709325537596634	1.1468421008583576
0.09	-0.3302255385313406	1.0768764331235514
0.09	-0.3658467264497974	0.9300736127064625
0.09	-0.372021262775722	0.9200433803088691
0.09	-0.41852659255196606	0.8964448474191103
0.09	-0.4334136044503245	0.7808955960981024
0.09	-0.5447571251968237	0.3329146460063714
0.09	-2.847912270738554	0.49781994095897025
0.105	2.868402524264331	0.4411558378238358
0.105	1.040473270331645	0.2040768811114918
0.105	0.907813549853022	0.5368972486571492
0.105	0.8796372371609722	0.4153714502278447
0.105	0.7810384430624654	0.5467960126685135
0.105	0.744456842354601	0.49649654497243906
0.105	0.7008652746607261	0.8901580290516597
0.105	0.65948490664947	0.6906144218778901
0.105	0.6308110450641513	1.0205968843079278
0.105	0.6130654165989837	0.9500323058882421
0.105	0.594980553337449	0.8910214527924797
0.105	0.5618505570626395	1.078781061342982
0.105	0.5275012337902762	1.3135208404756267
0.105	0.5037183625023127	1.190318505137915
0.105	0.4934827341342838	1.3910477608956482
0.105	0.4752714063392342	1.3382929725167003
0.105	0.4578051963099109	1.1336958569416906
0.105	0.43150456076899435	1.289135349482996
0.105	0.4140669860174397	1.4698119561212957
0.105	0.40356376068476585	1.132333345474039
0.105	0.3645267057054512	1.3984744150748751
0.105	0.3505201561094278	1.283400905986497
0.105	0.3277514752956062	1.3091905893138116
0.105	0.302747492660432	1.2697916364158972
0.105	0.29248078740423994	1.3784125693758105
0.105	0.26738971989752663	1.4464761741670518
0.105	0.2641981444794751	1.4035770670690155
0.105	0.2376838426976558	1.5914965179714227
0.105	0.2301714333224538	1.5651067694836271
0.105	0.21263981193899836	1.3071654527342378
0.105	0.20003899984848814	1.4463305186736213
0.105	0.19475046549782257	1.493388515037706
0.105	0.1740046362966996	1.4795262472536752
0.105	0.1416415385223743	1.5002567062359562
0.105	0.12272937177365843	1.548203908468035
0.105	0.1067957051167554	1.4828990318886284
0.105	0.09911966846350087	1.4031100704877364
0.105	0.09016854977833157	1.5773962156683137
0.105	0.060098098345657554	1.401039375978237
0.105	0.055653410970645904	1.4496452429931468
0.105	0.043188267044640176	1.4988639168642397
0.105	0.02391437824882441	1.328686871207193
0.105	0.003043600818551056	1.5215863673166286
0.105	-0.01779040050885888	1.2849396896536123
0.105	-0.03260815656637256	1.0797787760390365
0.105	-0.03884048406105549	1.4744037878391547
0.105	-0.07492932095468328	1.2848537367894604
0.105	-0.10054600830406323	1.3691521298433516
0.105	-0.1262368482959365	1.0393039862212436
0.105	-0.14122028537818648	1.295816213216931
0.105	-0.1565078554889503	1.3851092498029136
0.105	-0.18930382411371036	1.236578280260443
0.105	-0.22278695173012328	1.1727473191239706
0.105	-0.2475704921955691	1.047974330425152
0.105	-0.2598046543645413	1.1578533025977709
0.105	-0.2864710132839447	1.234408287719826
0.105	-0.31490592412078866	1.1435820550234743
0.105	-0.38408870441322474	1.0813254997049333
0.105	-0.4274442280856595	0.9426473534143355
0.105	-0.43351793304094877	0.9308410069140788
0.105	-0.48679346755674163	0.8951648678176722
0.105	-0.5046896214299563	0.7887958225797757
0.105	-0.6351146495883591	0.3337551995238181
0.105	-2.8340809291352613	0.47263774597478303
0.12	2.856247996991797	0.41152194521566016
0.12	1.1872931111789966	0.20785160805330025
0.12	1.0362520092285856	0.5401556250667184
0.12	1.0041988806752336	0.40547525767534087
0.12	0.8923159629634753	0.5503560679142565
0.12	0.850611423954532	0.4888981619477713
0.12	0.7989242956274442	0.8913743857385917
0.12	0.7524548065324014	0.6909109543869872
0.12	0.7204073968056058	1.0139875153735487
0.12	0.699342726357153	0.9374645602164958
0.12	0.678586801188461	0.8841039139501592
0.12	0.6402873287543565	1.0867091145639165
0.12	0.6028004543800898	1.312942230332187
0.12	0.5749550127874922	1.168891465282526
0.12	0.5628923195172829	1.4034826791636767
0.12	0.5426037615510522	1.3226565889567745
0.12	0.523213383543241	1.1320812020631967
0.12	0.49320933446882403	1.2931641918770813
0.12	0.4736883026554345	1.4789984794670545
0.12	0.4611042088272691	1.1087073447536602
0.12	0.41676151487241553	1.3966220609529676
0.12	0.4003747014442266	1.2693903340915267
0.12	0.37498163012969127	1.3136662884724732
0.12	0.3458329460075692	1.2824307214067365
0.12	0.33390597463897437	1.377942010972759
0.12	0.3047757870976326	1.4734988785630447
0.12	0.30197387568668116	1.394432897133133
0.12	0.27237553800304687	1.5943348895428142
0.12	0.26276104650604515	1.567541008510865
0.12	0.24347285202148636	1.2926858744731906
0.12	0.2286866137330829	1.4540335867326946
0.12	0.2226728800232686	1.4950734372982144
0.12	0.19918527268149372	1.480100281614359
0.12	0.16231796161449902	1.5021847045222223
0.12	0.14029857128033477	1.5561081664393368
0.12	0.12227962134858825	1.4931916712055322
0.12	0.1138947014443736	1.4085800279680984
0.12	0.1034718576018208	1.579876518311688
0.12	0.06795962430453395	1.4151588324344815
0.12	0.06489067656304848	1.4506392448243932
0.12	0.04996980220308421	1.50509550645219
0.12	0.02740356679978656	1.3217432687176895
0.12	0.004768970541774774	1.5225604760939355
0.12	-0.018884274205977797	1.2854306881694715
0.12	-0.036192876572411305	1.059170251501336
0.12	-0.044039187040638424	1.46477947172483
0.12	-0.08531386426438743	1.2825821948647553
0.12	-0.11441268397504979	1.3633918599412693
0.12	-0.14458572038744724	1.0278373623410217
0.12	-0.16047795794114872	1.3041837658298607
0.12	-0.17835946591653518	1.3766747755177116
0.12	-0.21769960801330812	1.2337695518748124
0.12	-0.25485420289248406	1.1728897353818952
0.12	-0.28132395726568676	1.0676314228505512
0.12	-0.2969588578945831	1.1554522460117969
0.12	-0.32659312732780804	1.2374846993903403
0.12	-0.35847922614965266	1.1396864182586601
0.12	-0.4374292465341603	1.0862302723212038
0.12	-0.4890259963118042	0.9506094755998339
0.12	-0.49485080659805114	0.9369798857908966
0.12	-0.5545054467922084	0.8933177065903104
0.12	-0.5755618161841549	0.7976394491566735
0.12	-0.7251843827281335	0.33518653529541315
0.12	-2.819046092605519	0.4487308624253719
0.135	2.8424299319294217	0.3840821021824323
0.135	1.333372542764075	0.21213225210865913
0.135	1.1643181677765073	0.5424255491074921
0.135	1.1282887619936441	0.3954210960635582
0.135	1.0034745545838446	0.5539786335173364
0.135	0.9567484646685896	0.4823262690810967
0.135	0.8963431037704659	0.8934329169214897
0.135	0.8449145485743631	0.6913529253311429
0.135	0.8098732180426252	1.0070647678864233
0.135	0.785077818610493	0.924906027117501
0.135	0.7618088310491823	0.8791320484282336
0.135	0.718202130641522	1.0965457226057567
0.135	0.6780024160915608	1.3117616988092287
0.135	0.6460195003902377	1.1451683216040927
0.135	0.6320362834635026	1.4125597211891632
0.135	0.6096562563267587	1.3038177806297462
0.135	0.5885824770733058	1.1294425748310715
0.135	0.5548217945942271	1.298417235700354
0.135	0.5334299868102419	1.4851067178889898
0.135	0.518543935423466	1.0865418481869067
0.135	0.4690152485815773	1.3934325363239755
0.135	0.450206655867265	1.2564784785482541
0.135	0.4223244341133372	1.3178594203406504
0.135	0.388860864273964	1.2944605871199337
0.135	0.37523533417690247	1.3781401151897326
0.135	0.3423602170762403	1.511239096590562
0.135	0.33942362644419644	1.4298552593328882
0.135	0.3071709623797461	1.5993550862325037
0.135	0.29520765319519454	1.5635212155614477
0.135	0.27448225675334414	1.285103871981902
0.135	0.2573618216149658	1.460987254718777
0.135	0.2505405931935886	1.497946911896445
0.135	0.22446352517177545	1.480438331808007
0.135	0.18313985196157206	1.50502236596441
0.135	0.15791865600909905	1.562586316514072
0.135	0.13788679924047328	1.5028753754636999
0.135	0.12892285008769783	1.4131126952961683
0.135	0.1169342869826228	1.5841214985719871
0.135	0.07572576063775015	1.5175842573732352
0.135	0.07438690637147885	1.4341824853378007
0.135	0.056914781093037416	1.5116029808067808
0.135	0.030884515780650486	1.3157560900726468
0.135	0.006828680829993558	1.5230651935050654
0.135	-0.0195810496091456	1.289077828662699
0.135	-0.039228356279118325	1.0580896033744018
0.135	-0.04927342306917101	1.458307156446643
0.135	-0.09569510801518946	1.282027499066733
0.135	-0.1280580543587945	1.3568561400889347
0.135	-0.1628784860927121	1.0205600061266622
0.135	-0.1795572814967363	1.3135653631228033
0.135	-0.20006851228113937	1.367841250291212
0.135	-0.24645081938664398	1.2314919909083353
0.135	-0.28686543882057786	1.174029531148618
0.135	-0.3147244281940969	1.0922159193844205
0.135	-0.3339629195321945	1.1538591421006608
0.135	-0.36641714012465	1.2404284759101218
0.135	-0.4016376190667761	1.1351386628289062
0.135	-0.49017168999252114	1.091470868703301
0.135	-0.5503432412621752	0.9317002456732261
0.135	-0.5561748976827341	0.9158337832289889
0.135	-0.6216224751851755	0.8908813395263339
0.135	-0.6459780863131904	0.8072695205724383
0.135	-0.8148956395597343	0.3372560838843575
0.135	-2.8031012947901566	0.42719153272401705
0.15	2.8271651743602213	0.359687833786484
0.15	1.4786105860859529	0.21699217782449975
0.15	1.2920061645060499	0.5436255179795249
0.15	1.2518247116161483	0.38558482242240294
0.15	1.1144973750308016	0.5576672974094342
0.15	1.0628695769736143	0.47693433033719823
0.15	0.9930952194849177	0.8962951462253148
0.15	0.9367914276619169	0.6919487150195925
0.15	0.8992104182143901	1.0003017740623388
0.15	0.8701956321970484	0.9125284602763539
0.15	0.84463275653819	0.8758223240208224
0.15	0.7955836591989267	1.1082375599535883
0.15	0.7530704886182732	1.3099721590509708
0.15	0.7169286554477144	1.1195538645809406
0.15	0.7009216624116121	1.4182666283113303
0.15	0.6763828363130159	1.2824021039406694
0.15	0.653889993828118	1.1259192364069215
0.15	0.6163073653018838	1.3049361558616577
0.15	0.5932719147564457	1.4891384140599164
0.15	0.5758673817347203	1.0663280047367965
0.15	0.5212706130287735	1.3892711972434444
0.15	0.5000279848393065	1.2446385279253322
0.15	0.46978158323917546	1.32154598213698
0.15	0.4318321818670405	1.3055463503899016
0.15	0.41646832925002375	1.3786262789640873
0.15	0.3803668752842733	1.511077301567305
0.15	0.3763635118732624	1.4703794649058557
0.15	0.34198649809023207	1.6058055409051757
0.15	0.3275479532898507	1.554706893961298
0.15	0.3056652295346087	1.2848467942287176
0.15	0.286047120543238	1.4671645870569412
0.15	0.278347806475841	1.5017512070123427
0.15	0.24984369814686638	1.480533788599158
0.15	0.20411180786745392	1.5086900501209868
0.15	0.17559773685125282	1.56768947971689
0.15	0.1536575487242676	1.5112286043021725
0.15	0.14419859446641828	1.4157641644563448
0.15	0.13060644370103827	1.589274467803121
0.15	0.08470381812502956	1.5164376588099238
0.15	0.08283497721749554	1.280736261822027
0.15	0.06400961847783668	1.5180011033627405
0.15	0.03435828851641661	1.3105010297909245
0.15	0.00922697069622091	1.5232296298175168
0.15	-0.019893510159476158	1.2953819034565563
0.15	-0.04167595804014842	1.06870342075103
0.15	-0.054539889116449386	1.4562019392519563
0.15	-0.10608559020342138	1.2830253742476019
0.15	-0.14144462885102424	1.3496638403179857
0.15	-0.18106634463481766	1.0182579802468477
0.15	-0.19848051880299114	1.3237223234320266
0.15	-0.22162068806871082	1.3588091827681554
0.15	-0.2755624130637421	1.2297266073283943
0.15	-0.3187292922944937	1.175457547190246
0.15	-0.34785772168370954	1.119497669827233
0.15	-0.37074203569953285	1.1530294175713744
0.15	-0.40591247115052664	1.2431937468057532
0.15	-0.44437164536533547	1.1299489674304135
0.15	-0.5422373454674225	1.0969324942890275
0.15	-0.6110324248461613	0.8771203682163699
0.15	-0.6177535344673135	0.8542539594998829
0.15	-0.6881070280111621	0.8878478069742953
0.15	-0.715886720509189	0.817556877644635
0.15	-0.9041720076526787	0.3400244917873825
0.15	-2.7865230386287445	0.4087601703831991
0.165	2.8106641900272256	0.33895896406803977
0.165	1.6229025461810156	0.22253340293376664
0.165	1.419315033169696	0.5437347445883381
0.165	1.3747154431932334	0.3764877820482994
0.165	1.2253659860439456	0.5614382122756846
0.165	1.1689705865536604	0.4728418956463604
0.165	1.0891618783927197	0.8998726809547802
0.165	1.028010283374134	0.6927464155973317
0.165	0.9884211121967457	0.994185042331924
0.165	0.9546221132369697	0.900574824258607
0.165	0.9270408683410796	0.8739451445389781
0.165	0.8724268506264147	1.1216686095006712
0.165	0.8279628841178102	1.3075700930679677
0.165	0.7877060437873348	1.0928403885029325
0.165	0.7695487929701827	1.4209717727582778
0.165	0.7427455816834112	1.2594690103667139
0.165	0.7191097735793088	1.1216986335696943
0.165	0.6776338776193258	1.3127262424348725
0.165	0.653184621865077	1.491908716625381
0.165	0.6330605270431947	1.0483558756781124
0.165	0.5735065452714871	1.3844435747479473
0.165	0.549850685984225	1.233863511275355
0.165	0.5173532295975454	1.3245557685178149
0.165	0.474751238810565	1.315321829360519
0.165	0.4576010536657724	1.3789571015577227
0.165	0.4187408404099744	1.4900628492168624
0.165	0.4128908634846842	1.4869626507316278
0.165	0.3767474734818202	1.6131057368755888
0.165	0.35982252723654307	1.5419180169787596
0.165	0.3370086713143773	1.2914200839496823
0.165	0.31471990698360996	1.4731124268162616
0.165	0.3060898426564469	1.5063154312147462
0.165	0.27533041597129027	1.4803921579153263
0.165	0.2252337331296942	1.5130445463563982
0.165	0.19334349976485934	1.5715684557978065
0.165	0.16964229942533499	1.5174849335173712
0.165	0.15969880710796672	1.4163112572765317
0.165	0.1445510329846863	1.5943917992841135
0.165	0.09493100052489828	1.4897708997755095
0.165	0.09019344885487522	1.3041557388684906
0.165	0.07123267943726634	1.5239193009487355
0.165	0.03783201891646378	1.3057035350075452
0.165	0.011970280021653786	1.5231381541441433
0.165	-0.019841866218782693	1.3039077959641017
0.165	-0.04352036833614434	1.0861241351898414
0.165	-0.059823454858111746	1.4575785049084014
0.165	-0.11649071063244017	1.2853795472025766
0.165	-0.15453429160110874	1.3419924710139535
0.165	-0.19910444066304225	1.0211722829979382
0.165	-0.2172650012026222	1.3342644974437572
0.165	-0.24299918043268098	1.3497849290712451
0.165	-0.30503810519703556	1.2284730633808594
0.165	-0.35032820060692127	1.176045463203965
0.165	-0.38083664964032143	1.146615655415064
0.165	-0.40721652100144656	1.153214481300589
0.165	-0.44504905303977066	1.2457687957866044
0.165	-0.4866777788299057	1.124164490537252
0.165	-0.5935445712885661	1.1025122386590451
0.165	-0.6708353462906144	0.8341277634496952
0.165	-0.679737792320883	0.7945248448574235
0.165	-0.7539237775239286	0.8842364360754295
0.165	-0.7852371669684376	0.8283997257981789
0.165	-0.9929304936965948	0.3435682363306179
0.165	-2.7695645966536064	0.3938978322771047
0.18	2.7931352042829647	0.3224038713077077
0.18	1.7661385977298567	0.22890575187528958
0.18	1.5462474838060645	0.5428096612731026
0.18	1.49685849823516	0.36881422299783034
0.18	1.336059855743702	0.5653240032056307
0.18	1.2750404890088685	0.4701407948285534
0.18	1.1845323515929307	0.9040308699654855
0.18	1.1184937557320362	0.6938747416760395
0.18	1.077507012286184	0.9892075813707212
0.18	1.0382853880334084	0.8893406359830646
0.18	1.0090103878156507	0.8733316708031998
0.18	0.9487338912823684	1.1366514821413467
0.18	0.9026319121905403	1.3045658735482408
0.18	0.8583811821650811	1.0662342412536228
0.18	0.8379078654472821	1.4212932753691094
0.18	0.808718875392248	1.236372114479382
0.18	0.784212047638798	1.1170120950869449
0.18	0.7387722271359148	1.3217577523103026
0.18	0.7131288222859259	1.4940457576511283
0.18	0.690109953009272	1.0328163962875816
0.18	0.6256986260670865	1.3791965457766342
0.18	0.5996866768463839	1.2241973508057287
0.18	0.565037116158815	1.326785539652055
0.18	0.5176259864437192	1.3233884869853982
0.18	0.49862513184296	1.3786961074251607
0.18	0.45737679673817927	1.4703578453624466
0.18	0.44915209179207854	1.4926140738673137
0.18	0.41139517098172895	1.6210138605249007
0.18	0.39207327494704514	1.5257286186864167
0.18	0.36849162809094876	1.3038120147735772
0.18	0.3433526426514786	1.479455284829412
0.18	0.33376080682335585	1.5115735031993178
0.18	0.3009288245318302	1.480031797603804
0.18	0.24650008245417515	1.517877942108884
0.18	0.21116469018917688	1.574432262231707
0.18	0.18589987522132037	1.5211402468249808
0.18	0.17538539541884762	1.415488888091681
0.18	0.15884024644508754	1.5985422605512631
0.18	0.10552304534545132	1.494757622058458
0.18	0.09733905154094781	1.3137871141037298
0.18	0.07855304091205106	1.5290394495118322
0.18	0.04131983925883043	1.301032090081863
0.18	0.015067415706183099	1.5228096720108721
0.18	-0.019452024958771116	1.3142800047392544
0.18	-0.04476189133630983	1.1079437854449967
0.18	-0.06510708847330694	1.4612937429320374
0.18	-0.12690862288174667	1.288881258571597
0.18	-0.16728913242553606	1.3340723939413321
0.18	-0.21695538970857647	1.0289055231672763
0.18	-0.23591941788015344	1.3447359008479545
0.18	-0.2641852661456903	1.3409809376529307
0.18	-0.33487900904013707	1.2277558634226526
0.18	-0.38152643613148857	1.1747012298306572
0.18	-0.41379198489307634	1.1700490736252827
0.18	-0.44330258828394853	1.1548616588445872
0.18	-0.4837972379500461	1.2482003107145225
0.18	-0.5285586835968731	1.1178804452016233
0.18	-0.6440093812455817	1.1081251603148996
0.18	-0.7297137807276718	0.8245773117205872
0.18	-0.7420511038203896	0.7648134820083774
0.18	-0.8190394336096641	0.8801092559629317
0.18	-0.853980767927856	0.8397217778482094
0.18	-1.0810805630986104	0.347983049110578
0.18	-2.752453392683977	0.3828703811663247
0.195	2.774794440675996	0.3105687489016091
0.195	1.9082012782912032	0.23634777774782512
0.195	1.6728081711814866	0.5409936115211001
0.195	1.6181365013090394	0.3634345450800254
0.195	1.446555668454575	0.5693799180193283
0.195	1.3810602025963759	0.46890604796615376
0.195	1.2792039296291255	0.9085986363442236
0.195	1.208162863030382	0.6956112507144785
0.195	1.1664685539306594	0.9858854309743159
0.195	1.1211171994577565	0.8791706089552419
0.195	1.0905121623044665	0.873896880426226
0.195	1.0245150370456597	1.1529079893617624
0.195	0.9770234436754509	1.3009589030615163
0.195	0.9289874949074605	1.0412657856733674
0.195	0.9059775924211976	1.4199181044929032
0.195	0.8742924096491945	1.214566618626114
0.195	0.8491634438467227	1.1121278280854476
0.195	0.7996969918862405	1.3319649687344266
0.195	0.7730548763542733	1.4960247455996967
0.195	0.7470019542308248	1.0198806576735038
0.195	0.6778197288490229	1.3737179596332958
0.195	0.6495476841865825	1.2157696005740988
0.195	0.6128274224523471	1.3282101093739764
0.195	0.5604679624774458	1.3293292514980006
0.195	0.5395273775026118	1.3775272273620522
0.195	0.4962173563790758	1.4560194635005788
0.195	0.4852405235007791	1.494958758800321
0.195	0.44589339799928995	1.6295347565428644
0.195	0.42433897808578525	1.5069870390274458
0.195	0.4000891029214248	1.3205817539326754
0.195	0.37191254365502385	1.4864081850705066
0.195	0.36135279650449953	1.517481437414655
0.195	0.3266443647556223	1.4794877614150133
0.195	0.2678994320627249	1.5229263699369728
0.195	0.2290727302528823	1.5765127691597396
0.195	0.2024916639388373	1.5223879651679628
0.195	0.19121125727599403	1.415102437970851
0.195	0.17355259806290668	1.6008923387397995
0.195	0.11638260955787913	1.5041874802549946
0.195	0.10436132715978512	1.320284794830316
0.195	0.08592849353679442	1.5331243750679224
0.195	0.044843875740896585	1.2960814144769102
0.195	0.01852904130002323	1.5221727058865506
0.195	-0.018753435572121026	1.3262158352610254
0.195	-0.04541383527896756	1.1331272872289864
0.195	-0.07037629952173553	1.4665031434746698
0.195	-0.1373303340412881	1.293320074024537
0.195	-0.1796723525979077	1.3261776902761797
0.195	-0.23459199090681393	1.0405509420672907
0.195	-0.2544410857002194	1.3547619081537878
0.195	-0.2851589887321074	1.3326119548173356
0.195	-0.36508150437032166	1.22763100116575
0.195	-0.41218901920395173	1.171285612864714
0.195	-0.4468524917865614	1.1865972593833656
0.195	-0.47891407480562254	1.1585554823862474
0.195	-0.5221277107490757	1.2506199551194455
0.195	-0.5700230939133722	1.1112501138884328
0.195	-0.6935463610453684	1.1137095083104254
0.195	-0.7876891552839599	0.8334237367430865
0.195	-0.8045485348203048	0.7556084160775441
0.195	-0.883422751954416	0.8755891846115791
0.195	-0.9220715084711059	0.8514692910714045
0.195	-1.1685230110744766	0.35338858591466793
0.195	-2.7353905444373288	0.37582721783457623
0.21	2.7558850071196153	0.3042545795165876
0.21	2.048960494575249	0.24528743841790668
0.21	1.7990014814646866	0.5385182397929188
0.21	1.738409748141599	0.36146140571203933
0.21	1.5568262983351615	0.5736941029682051
0.21	1.4870008788168732	0.4692132743707537
0.21	1.3731815175022861	0.9133797701581726
0.21	1.2969381384709013	0.6984987932945564
0.21	1.2553035708407287	0.9848099840103952
0.21	1.2030547086442014	0.8704765061819151
0.21	1.1715091943086389	0.8756714225865214
0.21	1.099788977689046	1.1700496368188926
0.21	1.0510768564260367	1.2966629111058596
0.21	0.9995589306560746	1.0195809912588434
0.21	0.9737264541706742	1.4174312485221423
0.21	0.9394724755095901	1.1954240094168684
0.21	0.9139268851854766	1.1073405450060534
0.21	0.8603869810515332	1.3432415408733966
0.21	0.8329024458907724	1.4982105637205845
0.21	0.8037215927474798	1.0097775748891291
0.21	0.7298409729949606	1.3681324575754783
0.21	0.6994450920204897	1.208833537914335
0.21	0.6607133326160557	1.328893901425108
0.21	0.6032919452363845	1.3327388341112385
0.21	0.5802903239687669	1.3753235976278397
0.21	0.5352248783328745	1.4463321404344613
0.21	0.521221124449505	1.4960184045357552
0.21	0.48023453178914755	1.6386256946680604
0.21	0.45664850553433595	1.4872269720966351
0.21	0.43177673738567046	1.3400458617485784
0.21	0.40036172606452725	1.4935151144383358
0.21	0.3888563874141073	1.5239393140108508
0.21	0.35248192702400816	1.4788266903342453
0.21	0.28941454909380415	1.5278917128575549
0.21	0.24708338897942056	1.578035403541324
0.21	0.2194716003108536	1.522305754512277
0.21	0.20712959557608004	1.4170948023270296
0.21	0.18876894723326762	1.6008171446451955
0.21	0.12744427461541008	1.5147416242718272
0.21	0.11132255799000526	1.3282351598454178
0.21	0.09330308158158265	1.5359824011075425
0.21	0.04843532087582923	1.2903498025524167
0.21	0.02236643765773791	1.521034661893503
0.21	-0.01777660555423507	1.339519331598707
0.21	-0.04550246639154204	1.1612882125855737
0.21	-0.07562066288121237	1.4726469313419475
0.21	-0.14773989390360867	1.2984892375975245
0.21	-0.1916492310800233	1.3186149235224236
0.21	-0.2519982194703177	1.054984767224938
0.21	-0.27281506580040155	1.3641723319170465
0.21	-0.3058998910002412	1.324885215583884
0.21	-0.39563398561601143	1.2281863604958811
0.21	-0.44220789425511026	1.167383422703403
0.21	-0.4801176705544495	1.1949125601306492
0.21	-0.5139656174954051	1.164961286331866
0.21	-0.5600113626676595	1.2532657407490297
0.21	-0.611085250434818	1.1044911670664495
0.21	-0.7420698557496493	1.1192308630843641
0.21	-0.844753534552024	0.8490590964643622
0.21	-0.8671044335463387	0.7563434403738594
0.21	-0.9470447015958041	0.8708814181044987
0.21	-0.9894668197806842	0.8636066840411082
0.21	-1.2551485767729273	0.3599348288001198
0.21	-2.7185514000528195	0.37286760485308373
0.22499999999999998	2.73671272116282	0.30493803707240696
0.22499999999999998	2.1882617735270147	0.2566403903162388
0.22499999999999998	1.92482885769488	0.5356998871601977
0.22499999999999998	1.8575008786073348	0.3644029819698094
0.22499999999999998	1.666839168461306	0.5784059952504094
0.22499999999999998	1.5928213371833437	0.4711671402097555
0.22499999999999998	1.466476797638003	0.9181733479160695
0.22499999999999998	1.3847417551292116	0.7035540958543557
0.22499999999999998	1.3440051228699612	0.9867578797731512
0.22499999999999998	1.2840427962271024	0.863779476193787
0.22499999999999998	1.2519548439865285	0.8788387032773336
0.22499999999999998	1.1745823688878647	1.187567149404228
0.22499999999999998	1.1247258520660952	1.2915321049423898
0.22499999999999998	1.0701255313146842	1.0025887377712903
0.22499999999999998	1.041116100481218	1.4142377857896318
0.22499999999999998	1.0042813860558326	1.1801088828305124
0.22499999999999998	0.9784614239902424	1.102955305471882
0.22499999999999998	0.9208255866756127	1.3554325626963026
0.22499999999999998	0.8926007049231154	1.5008957087670918
0.22499999999999998	0.8602515684475595	1.002841216758491
0.22499999999999998	0.7817330623668982	1.36249051619381
0.22499999999999998	0.7493896650757136	1.2038045751358537
0.22499999999999998	0.7086773686115901	1.3290032410567016
0.22499999999999998	0.6461152311898316	1.333267969314304
0.22499999999999998	0.6208936517797458	1.3721421855017581
0.22499999999999998	0.5743629312506646	1.4403788576005851
0.22499999999999998	0.5571462603754589	1.4962318553846583
0.22499999999999998	0.5144442820297085	1.647772849084248
0.22499999999999998	0.48901292318073064	1.4688201468395687
0.22499999999999998	0.46353525249975613	1.3601513357997703
0.22499999999999998	0.428658347518781	1.5000778977151048
0.22499999999999998	0.41626224431339254	1.5307477328860994
0.22499999999999998	0.37844422438045555	1.4781715278399694
0.22499999999999998	0.3110231193545837	1.5324625532188376
0.22499999999999998	0.2652184643037798	1.57919465370314
0.22499999999999998	0.2368753353268812	1.5223164355705359
0.22499999999999998	0.22310331172698256	1.4226684802006357
0.22499999999999998	0.2045675194891493	1.5980432902579764
0.22499999999999998	0.13863945924708657	1.524973056528572
0.22499999999999998	0.11829830921079185	1.339809041666528
0.22499999999999998	0.10060565687194142	1.5373207239573567
0.22499999999999998	0.052135550746991076	1.2832248743257397
0.22499999999999998	0.026589552868697193	1.519041372882123
0.22499999999999998	-0.01655048086373571	1.354063562175998
0.22499999999999998	-0.04506770864770946	1.192285106939138
0.22499999999999998	-0.08083420431215321	1.479329395801156
0.22499999999999998	-0.1581145789309963	1.3041873937413553
0.22499999999999998	-0.20318813485043133	1.3117141883933998
0.22499999999999998	-0.26916815142270506	1.0711664798914595
0.22499999999999998	-0.291015446385837	1.3730200435697117
0.22499999999999998	-0.3263877517862344	1.3179856706327573
0.22499999999999998	-0.4265118068139908	1.2295226347698178
0.22499999999999998	-0.47152474686922186	1.166064271654708
0.22499999999999998	-0.5136339458980004	1.1962950526228784
0.22499999999999998	-0.5483779969342684	1.1747627602492539
0.22499999999999998	-0.5974190688465308	1.2564875532238864
0.22499999999999998	-0.6517638771716519	1.0978853446771843
0.22499999999999998	-0.789495394022496	1.1246849927188638
0.22499999999999998	-0.9008716713003594	0.8668606631448715
0.22499999999999998	-0.9296086882745892	0.7625299186807596
0.22499999999999998	-1.0098787743998796	0.8662979914066579
0.22499999999999998	-1.0561284645562994	0.8761099669116167
0.22499999999999998	-1.3408361711068402	0.36781092339041455
0.22499999999999998	-2.7020861601523016	0.3740965904645386
0.24	2.717726356527497	0.3159283085705222
0.24	2.3258909239068766	0.2729649081539953
0.24	2.050285529166473	0.5329432588994163
0.24	1.9751617703868973	0.37456178432080384
0.24	1.7765534204763396	0.5837419460302378
0.24	1.6984637703854963	0.474951386781378
0.24	1.5591069401104012	0.9227961892450719
0.24	1.4715015159683846	0.7126663000355281
0.24	1.4325575976012512	0.9929020158315803
0.24	1.3640370344127162	0.8597767055635224
0.24	1.331790473224358	0.8837904517195683
0.24	1.248928071253729	1.2048433028188177
0.24	1.1979006163182495	1.2854557143920642
0.24	1.140708579269125	0.9911511207238153
0.24	1.108105785728077	1.4105778411966654
0.24	1.0687551147602954	1.1695399394119241
0.24	1.042722192305727	1.0992602758432592
0.24	0.9810006775497436	1.368326683843869
0.24	0.9520695938737564	1.5043252405321452
0.24	0.916570768445248	0.9995347178884156
0.24	0.8334681049140926	1.3567536690412203
0.24	0.7993910012250439	1.2012904893837684
0.24	0.7566935743903332	1.3288159895037348
0.24	0.6889565546112352	1.3306715331958436
0.24	0.6613164329767139	1.3680421214564182
0.24	0.6135900123558576	1.4375344021354362
0.24	0.5930599940341761	1.4959053523227617
0.24	0.5485838161651739	1.6556249642616876
0.24	0.5214194203458425	1.4544902109510358
0.24	0.49535306136844764	1.3787226536777641
0.24	0.4567587242857562	1.5055301219699049
0.24	0.4435638576052213	1.5375893587204794
0.24	0.40452927865725297	1.4775335409718153
0.24	0.33269926159388435	1.5363026255683863
0.24	0.2835074780622224	1.5801323932869114
0.24	0.25471356479808627	1.5232697000421318
0.24	0.23910964581863298	1.4320879141028842
0.24	0.22101803439021878	1.592799649725538
0.24	0.14989674396708924	1.5339100572020763
0.24	0.125379341154396	1.3560912646948469
0.24	0.10775292314215663	1.536482401708466
0.24	0.05599719147945609	1.2740160275788466
0.24	0.03120440404177989	1.5156219768051378
0.24	-0.01509993572012624	1.369761544035426
0.24	-0.04416372730352076	1.22599838971548
0.24	-0.08601538078323925	1.4862234637003036
0.24	-0.16842500682592962	1.3102183056087848
0.24	-0.2142615560228747	1.3058294675406847
0.24	-0.2861031592687763	1.0883130936478647
0.24	-0.3090084349071021	1.3814842746945466
0.24	-0.34660325912311124	1.3120622520613028
0.24	-0.4576690600174881	1.2316760791723784
0.24	-0.5001418550090234	1.1708074390485763
0.24	-0.5473831943606945	1.1940161442078183
0.24	-0.582086781172446	1.1885706501366788
0.24	-0.6343213377701078	1.2607256385905394
0.24	-0.692080747014385	1.0917690023844522
0.24	-0.8357413207698292	1.1300994464788354
0.24	-0.9559939936761682	0.8851265067002384
0.24	-0.991951743649302	0.7728736151951011
0.24	-1.0719013951854817	0.8622843766813307
0.24	-1.1220235128814926	0.8889569467375392
0.24	-1.4254505255774017	0.3772575696439484
0.24	-2.686119812145294	0.3796766230047783
0.255	2.699769576423934	0.34758140102914575
0.255	2.4614163201950037	0.3051750345734368
0.255	2.1753559607200437	0.5307870186724102
0.255	2.0909971216738286	0.396041572479477
0.255	1.885914604743275	0.5900907517789041
0.255	1.8038458900633962	0.4809255806633699
0.255	1.6510928707894443	0.9270984941160184
0.255	1.5571587379643388	0.729410050083536
0.255	1.520929003093006	1.0052073683903509
0.255	1.4430075149584614	0.8594212091142038
0.255	1.410942232035597	0.8912029892279377
0.255	1.3228616654473513	1.221206157201392
0.255	1.2705317598743033	1.2784351543985923
0.255	1.2113160142568609	0.9857765125072097
0.255	1.1746565340173565	1.406601047853784
0.255	1.132939215764622	1.1643214095316583
0.255	1.1066608078313598	1.096482348857813
0.255	1.0409036537103236	1.3816543575654812
0.255	1.0112226704106224	1.5086987134138845
0.255	0.9726523585478373	1.0004516789619677
0.255	0.8850220225918911	1.3507693392100713
0.255	0.8494564833315348	1.2020947007504454
0.255	0.804725690985414	1.3287212261269277
0.255	0.7318347676352442	1.3248526204707005
0.255	0.7015399982801523	1.3631940232086268
0.255	0.6528580768345756	1.4373233340057103
0.255	0.6289983392834392	1.4955156263415386
0.255	0.5827471681943086	1.659974887459251
0.255	0.5538309784481964	1.446168614536164
0.255	0.5272257324795552	1.394594499081564
0.255	0.4846199146658854	1.5096495446854747
0.255	0.47076141192779214	1.5440259197869552
0.255	0.4307270103464063	1.4767602832434494
0.255	0.35441590973322823	1.5390722367737946
0.255	0.3019894056990592	1.5809163022056012
0.255	0.2729711898375854	1.5253423610834365
0.255	0.2551386513648922	1.4449770399614454
0.255	0.23817531319057175	1.5859476979760307
0.255	0.16114607274468612	1.5409470951819035
0.255	0.13266116758435537	1.3767817870163483
0.255	0.11466160788901422	1.5323629434083015
0.255	0.06008491634227744	1.2621252271583765
0.255	0.03620992960910301	1.509932794726461
0.255	-0.013443605092212959	1.38652499938403
0.255	-0.042858962727812866	1.2621954319712432
0.255	-0.09116687908559569	1.493024463482005
0.255	-0.17863514889974325	1.3163901176340989
0.255	-0.22484715715481093	1.301355419803393
0.255	-0.3028080891356073	1.1059175724468726
0.255	-0.32675653405067445	1.38971434174364
0.255	-0.3665285477296004	1.307215837472601
0.255	-0.48902442384647626	1.2343680035434845
0.255	-0.5281241773134524	1.184811493573623
0.255	-0.5812811645123692	1.1919233212387028
0.255	-0.6150561878732488	1.2067294747340582
0.255	-0.6706878703728044	1.2664541141128913
0.255	-0.7320589465579731	1.0865129133689795
0.255	-0.8807306165502284	1.1355341873061535
0.255	-1.0100641720759798	0.9031468273558584
0.255	-1.054014815756984	0.7873503266505931
0.255	-1.1330923427550452	0.8594445477695268
0.255	-1.1871253852902228	0.9021132511014546
0.255	-1.5088389689393562	0.38858465974427187
0.255	-2.6707505235630373	0.38988453753600877
0.27	2.6859058163224954	0.4808739430713527
0.27	2.592591619551146	0.4604478625708664
0.27	2.300005337482402	0.5301170875111454
0.27	2.2042695591739276	0.43729968336668534
0.27	1.9948436827770222	0.5981816673797009
0.27	1.9088452070994262	0.48983312981250804
0.27	1.7424571333446965	0.9309772520296108
0.27	1.641685274893721	0.7607714758988001
0.27	1.6090540888188392	1.027121302550646
0.27	1.5209436228663606	0.8639723083135271
0.27	1.4893167023222118	0.9021122006502263
0.27	1.3964160471044331	1.236028164908405
0.27	1.3425562196699898	1.2706568990015317
0.27	1.2819385272215673	0.9868638359592867
0.27	1.240734090573468	1.4024527581016955
0.27	1.1968830153896244	1.1645823211590935
0.27	1.1702266421978953	1.0947279271851964
0.27	1.1005272741812706	1.3950996113882592
0.27	1.0699720109672515	1.5141353905986856
0.27	1.0284612880644306	1.0062933325336358
0.27	0.9363776666483714	1.3442226584144281
0.27	0.8995894105072433	1.207158433655757
0.27	0.852725521765324	1.329198283738347
0.27	0.774767484781415	1.3158998553049408
0.27	0.7415511390852073	1.3578133730164623
0.27	0.6921126967396575	1.4392912765229877
0.27	0.6649885427920724	1.4956067591442064
0.27	0.6170517084896237	1.6583173345894267
0.27	0.5861950391563288	1.4450429532520859
0.27	0.5591521666657083	1.4079347367280863
0.27	0.5122021095172871	1.5126496586523797
0.27	0.49786652769149387	1.549495667801413
0.27	0.457015091336051	1.475702864215202
0.27	0.37614808425525303	1.5404785611893832
0.27	0.3207144031553181	1.581516926348825
0.27	0.2916094646113303	1.5283242904027585
0.27	0.27118909406325487	1.4609840523202375
0.27	0.25607253131512775	1.5790902345826971
0.27	0.17232331921132302	1.545870020731834
0.27	0.14022357172769526	1.39967156331797
0.27	0.12127018634932334	1.524097756390893
0.27	0.06447548367723586	1.2475469418682337
0.27	0.04159452969912303	1.5009302867952308
0.27	-0.011592229324106728	1.4042054754373423
0.27	-0.04123530590440661	1.3004380745796604
0.27	-0.09629527116190584	1.4994353853289635
0.27	-0.18870223853916865	1.3225155947283258
0.27	-0.23492880145532624	1.2987825659389456
0.27	-0.3192870585755013	1.1236645232956748
0.27	-0.34422314137202303	1.3976804241889846
0.27	-0.3861475383806084	1.303488007625561
0.27	-0.5204356888078565	1.2362570914252562
0.27	-0.5556062486432297	1.210851234878144
0.27	-0.6151741353664802	1.1933678326300923
0.27	-0.6473013900189368	1.2288391692186516
0.27	-0.70648717224521	1.2740886919824452
0.27	-0.77172099014064	1.0824935101569162
0.27	-0.9243928893272186	1.1410814909248796
0.27	-1.0630227264401098	0.9205496796175133
0.27	-1.1156640429135871	0.8063555702372724
0.27	-1.1934350049093752	0.8585561352907033
0.27	-1.2514148880870941	0.9155140274583392
0.27	-1.5908268753543817	0.4021967252659364
0.27	-2.6560452056920445	0.40518868173182104
0.285	2.7367781029619875	0.5163260790105059
0.285	2.6606417951310912	0.6372864255620558
0.285	2.424154374380528	0.5332494231313346
0.285	2.313332124661382	0.5175368205346703
0.285	2.1032112522024535	0.6095611257177671
0.285	2.013264133687364	0.5033027546859006
0.285	1.8332213682145262	0.9343905363317645
0.285	1.7251244118576883	0.8206039654652212
0.285	1.6967933649786775	1.064268785898398
0.285	1.5978594184371226	0.8748534727224762
0.285	1.566795419512427	0.9179108347215105
0.285	1.4696143546370652	1.2488601024759964
0.285	1.4139247886357351	1.2625324916764897
0.285	1.3525462740963663	0.9948363438116435
0.285	1.3063103269233638	1.3983303329239425
0.285	1.2606322375569736	1.169965043649604
0.285	1.2333691454027322	1.0939330816048283
0.285	1.159862102530753	1.408328321173166
0.285	1.1282352244368865	1.5205911992722723
0.285	1.0839511022239434	1.0178025501330812
0.285	0.9875287359964158	1.3365561162544062
0.285	0.9497859232422966	1.2173921231582145
0.285	0.9006317367269826	1.3307653476832235
0.285	0.8177699249950007	1.3040989613200056
0.285	0.7813453044979339	1.3520946989731064
0.285	0.7312935979456517	1.4429083159319476
0.285	0.7010484971890136	1.4966682348180533
0.285	0.6516212591757032	1.648911927061939
0.285	0.6184612116631583	1.4512900644599729
0.285	0.591128783464932	1.4196507713943223
0.285	0.5394706052586706	1.5151214429030364
0.285	0.5249069580466016	1.5532798204530651
0.285	0.483354515704382	1.4742096980590211
0.285	0.3978769993228131	1.5402979299604933
0.285	0.33974523900433884	1.5817916408801274
0.285	0.3105677165771514	1.5318195459222448
0.285	0.28726777060166936	1.4804241679116747
0.285	0.2747126005638034	1.5747112669680432
0.285	0.18337399502061208	1.5488300517953644
0.285	0.14811079527140308	1.4215610908855112
0.285	0.12756007346813797	1.51224884245538
0.285	0.06925594856200437	1.23195685664325
0.285	0.04733300369830894	1.4878972507265045
0.285	-0.0095476279537516	1.4225224487707713
0.285	-0.039386130069025534	1.3400233879848573
0.285	-0.10141051285785209	1.5051684644222991
0.285	-0.19857660859685758	1.3284147671744886
0.285	-0.24449753073876052	1.2985128047603978
0.285	-0.3355392026560256	1.1413143193245543
0.285	-0.36137720899872183	1.4050690266739583
0.285	-0.40544603945254765	1.3008537270852178
0.285	-0.551654517725408	1.2329751310495727
0.285	-0.5828191943143894	1.250479734870042
0.285	-0.6488224780925582	1.2005082156690186
0.285	-0.6789233431851209	1.252536148904903
0.285	-0.7416864725661645	1.283879312943191
0.285	-0.8110869296762014	1.0800621011214995
0.285	-0.96666653149489	1.1468648979858884
0.285	-1.1148086412933407	0.937094827457012
0.285	-1.1767469905863435	0.8302661463505135
0.285	-1.2529161507554067	0.8605594106984983
0.285	-1.3148810830960473	0.9290431602305779
0.285	-1.6712110542129603	0.4186301374850923
0.285	-2.642029841172989	0.42637097478569586
0.3	2.8625063641011574	0.3713200895886541
0.3	2.6605235946942494	0.6494244323304783
0.3	2.5475349606529236	0.553154058700411
0.3	2.41375667435212	0.6759132528684346
0.3	2.2107664198374968	0.6280928828534462
0.3	2.116741827142576	0.5252186581297745
0.3	1.9234033153501453	0.9373567189672686
0.3	1.8076971731436149	0.9327055359219006
0.3	1.783826176116942	1.121121541366656
0.3	1.673798088226601	0.8932822798938073
0.3	1.6432293080229055	0.9401582822887575
0.3	1.542461957113711	1.2595602862658577
0.3	1.4846103121629026	1.2546605001462887
0.3	1.423085801948441	1.0101724044717264
0.3	1.371363276440008	1.3945003334290444
0.3	1.3242208390010346	1.1797486207379968
0.3	1.2960408087957818	1.0938699295108756
0.3	1.2188918948735221	1.421024468099563
0.3	1.1859439387944417	1.5277306491986238
0.3	1.1390600126375774	1.0356327000579058
0.3	1.0384845165180472	1.3268536333323961
0.3	1.0000303623270028	1.2333470263905586
0.3	0.9483693813682166	1.3338964710878367
0.3	0.8608541363055164	1.2899141708088382
0.3	0.8209294419595664	1.346146438865153
0.3	0.770335134353181	1.447540442013868
0.3	0.7371866166476557	1.4990293798275893
0.3	0.6865656172055732	1.6317442929332648
0.3	0.6506027720080868	1.4637652038334112
0.3	0.6231437549401321	1.4309810525860513
0.3	0.5663982462419641	1.5178257751085809
0.3	0.5519291368025199	1.5543910058789772
0.3	0.5096858322185819	1.4721232915579003
0.3	0.4195948554123805	1.5383820154098053
0.3	0.3591575357553115	1.5815003006266792
0.3	0.3297641012879745	1.5353148467791773
0.3	0.3034036496219076	1.5053836940581815
0.3	0.29404814419532427	1.5762537589494932
0.3	0.19425563323443584	1.5502559351282326
0.3	0.1563268355913826	1.4396961033900197
0.3	0.13356218837339043	1.4990186258954725
0.3	0.0745179933388739	1.2202827472596667
0.3	0.053385600176158295	1.4714595517138802
0.3	-0.007302458979624102	1.4409995533380713
0.3	-0.03741290756785493	1.3799767498588806
0.3	-0.10652527021254043	1.5099550785984988
0.3	-0.20820153665138338	1.3339216280099517
0.3	-0.2535524218105165	1.3006000073842534
0.3	-0.3515544180877215	1.1586026841797168
0.3	-0.37819785696127617	1.4112328857972443
0.3	-0.4244116025128176	1.2992221035754452
0.3	-0.5822614530816479	1.2138498068669688
0.3	-0.6101393893326037	1.2986226365973634
0.3	-0.6818715438795635	1.2131056335636554
0.3	-0.7101537260940872	1.2711124321156355
0.3	-0.776252280042015	1.295820967564663
0.3	-0.8501725562287357	1.0795161521007401
0.3	-1.0075010426369064	1.1530366585585943
0.3	-1.1653600045378105	0.9526131833834404
0.3	-1.2370911449709923	0.8591147920943771
0.3	-1.31152471346828	0.8664931971059121
0.3	-1.3775217077253263	0.9425150864948765
0.3	-1.7497498753995928	0.43860837415769066
0.3	-2.6286695517725662	0.45473952116078786
