14	0.821606520371
37	1.3102953028
28	0.900647002617
18	1.02837860544
38	1.15217358011
33	0.806297173405
21	1.18619480967
24	0.755353442287
34	0.684238094943
25	0.711293830417
42	0.782807531015
29	0.792602640187
37	0.908970888305
22	0.64678804726
23	0.573000471002
15	0.917757798539
38	1.03943757348
39	1.43548396726
29	0.643441926763
19	0.352809156675
22	1.12949777057
34	1.01062695373
35	1.0995058704
43	0.633726006601
25	1.26450996899
38	0.930639572353
26	1.46291968903
16	0.855288087632
23	1.47264767012
30	1.18313518289
39	0.844926525601
24	0.882924809043
1	0.948153802623
40	1.13415852058
30	1.56900100924
23	0.816833372652
36	0.865851029055
20	1.04301091337
44	1.24243403747
39	0.913996654612
35	0.927652696441
17	0.586151217594
26	0.81142865182
40	0.915309035676
24	1.76637227943
27	0.38321762
2	1.62782591968
41	1.02287995193
31	0.916502884814
25	1.06619626977
31	1.0709327898
37	1.02627218388
24	0.844270459526
45	1.28514104319
40	1.18250836569
18	1.5258839587
21	2.27399190984
36	0.781135136056
27	1.15969372818
41	1.17942506589
3	0.604525139099
25	0.718662827927
42	1.25250265153
28	0.720479818363
26	1.4508468443
32	1.26632402151
38	1.22626986682
46	0.815729542972
25	0.900890580687
32	1.03261905369
19	1.12707303366
41	0.975641035995
4	2.42140283246
22	1.61236078808
37	0.670294983099
43	0.824613426449
27	1.03100696514
28	0.888000807994
26	1.49296717339
33	1.07384318828
42	0.588748634365
29	1.28181958616
39	1.70327855234
47	1.28581434678
20	1.55537221296
26	1.05737115392
33	1.23788581137
42	0.983961884821
5	1.32497089588
44	0.754666305798
28	0.954846676341
38	1.05372559742
23	0.923031530715
34	0.868650878604
43	1.08567538861
29	0.79575026292
27	0.580248820086
30	1.44502671736
40	1.24044916926
48	1.03464663839
21	0.937413531491
27	0.975595675032
6	1.62473043673
43	1.33658514274
34	0.966010982021
45	0.912820914203
29	1.15210308839
44	1.21211639046
35	0.844312972409
39	1.27711550388
30	0.993947385183
28	1.02557817889
24	0.971622051755
31	1.28499982361
41	0.614168265269
49	0.888595595983
22	0.740853367544
7	1.06801861129
44	1.41266159445
28	1.11864490307
46	0.962320107456
30	0.750850179884
35	1.42869512956
45	0.743712136916
36	0.856584921532
31	1.14014587472
29	1.08008642713
40	0.905873477729
42	0.776056400405
50	0.926365941396
25	0.583409748823
32	0.806617718044
23	1.06565765642
8	1.0032271634
45	0.979875754358
29	0.913755597477
47	1.15575654704
31	0.922356583001
36	0.752780817975
46	1.49378971169
37	1.01934703503
32	1.12893671784
30	1.27673427514
43	1.80243917196
51	1.30144970393
41	0.956267875905
24	0.751197095388
9	1.76059899916
33	1.54733839678
26	1.27308241837
46	1.03424239809
48	1.07124474997
30	0.729573982088
32	0.723740716354
47	1.09199426474
38	1.21949194612
37	1.18750002289
44	0.933115402757
33	0.792705913579
52	0.664692982523
31	0.973589999247
25	1.33426476722
10	1.31114347255
42	0.791248057007
47	1.05573339222
34	1.03207919647
49	1.11661897913
27	2.87877141943
33	0.963827199399
31	0.840629117574
48	0.780005308979
39	1.03813581535
45	1.24060549164
53	1.04851747372
38	1.18435120686
26	1.06527300769
11	2.11268071619
34	0.857997046686
32	0.857816747157
48	0.789714596424
43	0.850037530254
50	0.83169501504
35	1.14769852087
34	1.20065090081
32	0.807862217607
28	0.625147501099
49	0.680650381287
40	0.9197633483
46	1.61102103497
54	1.06281491652
27	0.791805016733
12	2.56706038279
39	0.714236111813
35	1.02634383438
33	0.907007524313
49	1.1805280855
51	0.982252496636
44	1.00946564106
35	0.868966551414
36	1.38873640967
33	0.880095061394
50	1.03931479034
29	1.07887154425
41	0.890059421428
47	0.942392582196
28	0.755364570887
13	2.167388679
55	0.880122662569
36	1.09343193917
34	0.925325372158
50	1.24524266742
52	0.780195489859
40	1.04266692613
36	0.925251805592
45	1.17251392843
34	0.910259295948
37	1.30489812642
51	1.32814249014
14	1.0432860147
48	0.857292946904
29	1.30775908098
42	1.03378462457
56	1.26125881962
30	1.00884425658
53	1.01139377708
51	0.998440213892
37	0.881759958425
35	0.745899147031
37	1.03781254681
41	0.9587869726
46	0.82590750293
35	1.26114845428
52	1.3417022893
38	1.41866285407
15	1.31552293667
30	1.27475026571
49	1.23664954143
57	0.979016560334
43	0.911101608576
31	0.606544977894
54	0.890030267398
52	1.001485389
38	0.948961202754
38	0.812080228764
36	1.18085682914
42	1.09737115504
53	0.935280965699
36	1.32400022879
16	1.38385465059
47	0.867853789322
31	0.586998241026
50	0.83588308678
58	0.896346689351
39	1.0314480866
44	1.01625189012
55	0.764327783431
53	0.94462880678
39	0.897800183009
32	1.1667465723
39	1.05354906721
37	0.735985470098
43	1.15924403552
54	1.29143754962
17	1.72134271262
32	0.754608935712
37	1.18854281452
51	0.929680036387
59	0.891423255725
48	1.0620593939
45	1.03729690009
40	0.850421098749
56	1.08167262266
54	0.991728171556
40	1.07604672309
40	1.09759721191
38	1.14273307366
33	0.802052318805
18	1.59580713596
55	1.01435196702
33	0.88016229841
44	1.01731905989
38	0.97351834762
60	0.824875214467
52	1.16259427163
46	0.832667953574
49	0.975342911672
57	0.985909069932
41	1.16605277554
55	0.872691666408
41	1.16857303002
41	0.91649013879
39	0.714066309292
19	0.802291269122
34	0.626588337264
56	0.87794481495
34	0.705854262736
53	0.886673714999
61	0.884152088281
39	1.08696461229
45	1.1264979872
47	1.2411208924
58	1.20561871413
50	0.967527287682
56	1.10277410969
42	0.956817194444
42	1.1531097759
20	1.1338066072
35	1.29345954679
42	1.02871413928
40	1.01110754483
57	0.727252661801
62	1.31308152783
54	0.892661656976
35	1.44576372918
40	1.19203467732
48	1.12012584742
59	1.29725787448
46	1.11275478329
57	1.02106245102
43	1.1042560282
51	1.06149808561
43	0.997106754181
21	1.31400076837
36	1.20851301156
58	1.08124906214
43	0.824206239093
41	1.17309387786
63	1.16420679186
55	0.861578912982
41	0.950243452743
60	0.937816121108
49	1.00480468179
36	0.548269582317
44	1.07228637837
58	0.970719778923
47	1.29528072653
22	1.1345212188
44	0.950549390154
52	0.946020255952
37	1.00759919521
59	1.4420877345
44	0.882896838729
64	1.20031916503
42	0.85813204677
56	1.23581950105
61	1.06967425179
50	1.09515544633
42	0.921303362369
45	0.959393496729
59	1.22909720025
37	1.57374697943
48	1.04759766279
23	1.18347627071
38	0.894663078467
53	1.0606112508
45	0.957931709187
60	0.737903985476
65	0.894837573956
45	1.25179452012
57	1.28428823801
43	0.934490462501
62	0.991112865602
51	1.18866243896
46	1.12539891205
60	0.907625830882
43	0.712631135306
24	1.19609905574
39	0.834100373481
38	1.66337129921
49	0.903236709469
61	0.867284797911
46	0.90206063527
66	1.07608764607
54	0.922203474124
58	1.41153203705
46	0.945433250404
44	1.09922904658
63	0.995981360334
47	0.884487316264
61	1.11615760333
52	0.894586007743
44	1.05903404931
25	0.801482315979
40	0.728483833055
50	0.871824308027
39	0.739744375291
62	1.08587074384
67	0.96428330433
47	0.817232963815
59	0.69454031069
64	0.791182761941
55	1.13769382466
47	1.03878942768
45	0.740303328122
48	1.23065133649
62	1.0518090466
53	1.32675805026
26	0.996039136995
45	1.11366630881
41	1.09543010795
63	1.1142317107
51	0.769417470682
68	1.02620779445
40	0.786899364287
60	0.914190240845
65	1.17614390989
48	0.820223672967
49	1.04836732209
48	1.03423312091
63	0.89528934946
56	1.18265273096
46	0.85452514814
27	0.91327153241
54	1.05083502821
42	1.48134014423
46	1.07397245664
64	1.30656163199
69	1.24910419244
52	0.863137621454
66	0.894595344431
61	0.720155050803
41	1.42282882555
50	0.990986772719
49	1.08149762864
28	1.19569425742
64	0.949856704972
49	1.38895555224
55	1.20085559305
43	1.23641122828
47	0.888885995015
57	1.24100555278
47	0.889240021381
65	0.862149434611
70	0.783428917278
67	1.22688966011
62	0.979589456282
53	0.921825383345
51	1.10089632754
29	0.884471109844
65	0.665786750761
44	1.03827171184
50	0.68675879341
42	1.24643673118
56	1.21832070033
50	1.01621792622
48	1.01274327699
58	1.06849473793
48	1.29092778475
66	0.982873732498
71	0.92291761139
68	1.0638913732
63	0.764031012048
52	0.852054287966
30	1.19967498035
66	0.91735215272
45	1.02519450169
54	1.13408940151
57	0.994881310158
51	1.17874991465
51	1.00615064052
49	0.943675633242
43	0.557390233108
59	1.13185009352
49	0.968011312212
67	0.842386027192
72	1.06275791433
69	1.24933947869
64	1.11341457322
31	1.40099753958
53	1.06486402014
67	1.0531265009
46	1.11628406529
58	1.00465403986
55	1.03727421926
52	0.847491794034
50	0.880799774677
52	1.11395689248
44	1.00362235821
68	1.01580244108
60	1.0108738388
50	0.9071529837
73	0.686934722122
70	1.15027978799
65	1.24295329174
32	1.35239311413
54	1.14680614238
47	0.790355389148
68	1.03592608675
59	0.96828388707
56	1.29378142321
53	0.91387460206
51	0.908960809519
53	0.818743488314
69	1.00368264158
74	0.88291747951
51	1.05673063785
71	1.03719923054
45	0.87809752925
61	0.926076290553
33	1.9565629677
66	1.23531385453
55	1.00663330799
48	0.932396590153
69	0.925047301591
60	1.01806165417
54	1.06685311128
52	0.897248526988
57	1.33637596503
70	0.967865196576
54	1.22328832946
75	0.934957647807
72	0.808223195703
52	0.896235657184
34	0.713295065573
67	1.15471208463
56	0.768560173135
62	1.25145309143
46	1.03497900005
49	0.831714786186
70	0.918025888538
61	0.979112740564
55	1.0235848932
71	1.52593059481
53	0.838363553552
76	1.13904083517
73	1.23486565442
58	0.886874124116
35	0.982516601298
55	0.829282730734
53	1.00888312548
68	1.03101756529
57	0.803934817362
50	0.962624914123
63	1.07340786648
71	1.21376901116
47	0.627252835595
62	0.87373320993
72	0.807334826477
77	0.695391774393
74	1.00083541603
56	0.907004212936
54	0.853216464572
36	0.820243100055
59	0.844733239133
58	0.961900556503
69	1.55305817942
54	0.909733619463
56	0.770670588376
51	0.844458875341
72	1.01117605701
64	1.11705679329
48	1.1005648425
63	0.793577946138
73	0.648816060254
78	0.965804881452
75	1.21056159117
37	0.994951027937
57	1.03141797175
55	1.10056767985
59	0.865048311011
70	0.892591064904
52	0.821547893532
55	0.929329207555
60	0.868855006937
57	0.955348103194
73	1.12535904245
65	0.927660008154
64	0.950381259284
49	1.78701268465
74	1.07718057726
79	0.806960658168
76	1.16983539489
38	0.891446035205
60	1.15300978568
58	0.701540562463
53	0.870566124528
71	0.790530575511
56	1.03234403161
56	1.14647140491
74	0.782000560126
61	0.974414967513
58	1.14992951107
65	1.06645229945
66	0.783260228358
39	1.26807744933
77	1.14480992537
80	0.937320485934
75	0.801305836963
50	0.715662985328
61	0.961247206811
54	1.08962954966
72	1.05705717336
59	1.11411962131
57	1.19718651787
57	1.09064982805
75	0.846812631919
59	1.04632738676
62	0.890938319149
66	1.24300422841
40	0.942796480627
78	0.880384061406
81	0.939167793198
76	1.140292266
67	0.924636155325
55	1.01377656132
62	0.905196192598
73	0.859380753771
51	0.698244954511
60	0.75647308178
58	0.862774000773
76	0.926504503024
58	0.812009303219
60	0.825898946877
63	0.765812125223
41	0.659694881599
67	0.991621178516
79	0.967202065164
82	0.997550386341
77	1.09590324886
68	1.09530399777
56	1.04506062434
63	0.912474949576
74	1.0909171137
77	0.836544086583
61	0.916442577218
59	0.925736177752
52	0.932344132974
59	1.12288002151
42	1.10298338536
61	0.773836153972
80	0.991639313944
68	1.250168028
64	0.951009777685
83	0.750612581628
78	0.987738258816
57	1.02135707052
64	1.03773895208
75	1.06437680137
69	0.868374808524
78	0.914744972837
62	1.04641693672
60	1.13669669104
60	0.883853163426
53	1.22511672482
43	0.867836004125
81	0.772250457758
84	1.07210632824
69	1.0678378779
79	1.20616192658
62	0.995635084749
58	1.04318063751
65	1.02539869257
65	0.726849817404
76	0.933160089422
70	0.81492729224
79	0.98057833337
63	0.87814806711
61	1.3029772934
61	0.985870549338
44	0.908384862261
82	0.969869687775
54	1.42059800919
85	0.844076279061
70	1.0902884461
80	0.709866167496
59	1.37414883539
66	1.05769693865
63	0.754682879093
77	1.18672602711
66	0.961435247331
80	0.916048943106
71	1.15869699715
64	1.10969311837
45	0.867754499565
62	0.947514729601
62	0.844976518681
83	0.936837116817
86	1.0224578759
71	0.929095006408
81	0.903785754132
60	0.797321933769
55	2.747720632
67	0.903849330332
78	0.973765840684
64	1.00679733271
67	1.02199057567
81	0.90735596568
72	0.843315601512
46	0.910248285924
63	1.24555813094
65	1.1564900921
63	0.784840917152
84	0.867146812045
87	1.15936159858
61	0.967663839042
82	0.859717732796
72	1.16899447053
68	1.13625657542
79	1.05077631772
56	2.49118698356
65	1.0802128956
82	1.22519296059
68	1.13785692445
47	0.720709261095
85	0.963236794634
73	1.10122724397
64	1.03854243996
66	1.02788821873
64	1.07505995009
88	1.15341793403
62	1.09259003925
83	1.212095611
73	1.05495445911
69	0.837420538903
80	1.01044713323
83	1.03717639454
57	1.29871067734
66	1.21982437866
48	0.912740115087
69	1.14819248321
86	1.06320356031
65	0.895229469404
63	0.721123040085
89	0.971956477973
67	0.853202065845
65	1.02783664943
74	1.00822141938
84	1.08178722484
70	1.13088198287
74	0.866304955476
81	1.15252351923
84	1.16191689109
49	0.839772223262
58	0.842104771263
67	1.23305364966
87	1.03136978729
70	0.914571009886
64	0.798526428435
90	0.954425176627
66	0.983300094869
68	0.870021830392
85	0.70217878171
66	1.55258075201
71	0.985033239891
75	0.984418685105
75	1.26976684168
82	1.30711048322
85	0.948775943982
50	0.932286940208
88	0.968877735674
68	1.22914490245
59	1.36442243791
65	0.997330262724
91	0.899217834364
71	1.11632664021
72	0.966246327292
67	1.08867165586
86	0.833831478522
67	1.22802926708
76	0.980261673356
69	1.08219203496
83	1.25363340236
76	1.06174662183
86	1.08517281674
51	0.950463437137
89	1.03038788996
66	1.12767340247
92	0.939505496936
69	1.00476176889
73	0.995791794115
60	0.891214024467
87	0.792535996162
68	1.10914403455
72	0.721036909601
77	1.14119475991
84	1.12800640908
68	1.06287221765
70	0.733520947547
77	1.09561588049
87	0.969663309439
52	0.969994423228
90	0.940846752725
67	1.11647276791
93	0.883862345897
74	0.958235696145
88	0.861301692858
70	0.880814317197
69	1.03207724668
85	1.03128202858
78	0.875973229419
61	0.691761663801
73	1.29683902224
69	1.26572845119
71	0.819726024675
53	0.809894531934
88	0.931404335057
78	0.931096008904
91	0.961290480548
68	0.79767192743
94	1.34695232427
75	0.990893113086
89	0.708438946532
71	1.22320124291
70	0.771932602587
86	0.961033680241
79	0.820166235332
54	0.789405508366
62	0.90856374409
70	0.993205795173
72	0.901943450375
74	1.04201498145
89	0.958780017248
79	1.04075209536
92	1.08525623238
69	0.932347563007
95	1.22736537478
76	0.948714738217
90	1.12788640194
87	1.01675632124
71	0.961912022887
80	1.07983547011
72	0.969566645153
55	0.873280237128
90	1.04899436426
73	1.018858474
71	0.933675496614
63	1.29733090473
75	1.13594150262
93	0.875464860316
70	0.974718632834
80	0.896487837669
96	0.979869526878
77	0.906845196467
91	1.84707095125
88	1.06020590209
56	0.977423266919
72	0.927925254336
81	0.920645118373
73	0.796420579926
91	0.872421326752
74	0.792500326982
72	0.887004477148
94	0.739637096907
71	0.792469873613
76	1.36349041178
64	1.11546067332
97	1.14531651094
81	0.85860793675
78	0.904891985205
92	0.897498499052
89	1.16578912359
57	1.15087792225
82	0.915662700338
73	1.06068376797
92	1.00497208488
74	1.17799913509
95	0.950372853017
75	0.763352591659
72	0.955941549383
73	1.17170189021
98	1.09644186845
79	1.07863775115
65	1.07758653143
77	1.12270308081
82	1.18471551559
93	1.08511757585
58	0.808319410687
90	0.943842976713
83	1.00478587292
74	0.817479825579
93	1.02927054432
96	1.08119273629
73	0.839480389481
75	1.04611546573
76	1.05939499609
74	1.57335762396
99	0.855100719708
80	0.846581415434
78	1.23489143863
94	1.22544282073
59	0.854962847388
66	0.990576057243
91	0.991652630186
83	0.991719875721
84	0.970563276232
75	0.863358764102
94	0.965199795774
97	0.969400319458
74	1.04588845513
77	0.97830192387
76	0.892966103818
100	0.91327978303
75	1.59705369854
81	0.965652077129
60	1.22966157059
95	0.871709338058
92	1.27277282192
79	1.82759805096
67	1.03922144265
84	1.02025275701
85	1.06032462651
95	1.09338232373
98	1.10961202659
76	1.0902389641
75	1.0537024576
101	1.09139853186
78	0.925476693855
82	1.13014837511
77	0.95841118537
76	0.899610422432
61	1.05635119613
96	0.988063356614
93	0.96159160709
80	1.36980491042
86	0.896894777937
99	0.976697879962
96	1.10811144944
85	0.959317300787
68	1.26214420342
76	1.33067399418
77	1.06521780393
102	1.04809189853
83	0.763471190683
79	0.810130751156
77	0.968101678262
78	0.930071707762
62	1.36871713363
97	0.79789539551
94	0.794956042405
87	0.941148326122
100	1.04169784096
81	1.09912755547
97	1.04527969736
77	1.20005441797
86	0.872706959247
78	1.0117562658
69	0.961106635784
103	0.997131312214
84	1.0839807604
80	1.16506359794
63	1.18213448473
78	1.31071570266
98	0.924720200747
79	1.09543011339
95	1.07918487973
101	0.908385859959
88	0.897914168038
98	0.920489778832
78	0.978195630376
82	1.10851463138
104	1.12818917991
79	0.891272453497
87	0.911017424162
85	1.13510246927
70	0.892626589102
64	1.07737780411
81	0.859515715876
99	1.07174555795
79	1.00515171417
96	1.05322301858
80	1.14056569056
102	0.9019658671
99	0.870056961019
79	0.83633498783
89	1.05599272827
83	1.45615186882
105	1.02434987254
80	0.642670942319
86	0.973216306108
88	1.07527986673
65	1.11451145005
71	0.981334036248
100	1.31092262252
82	1.08202389414
97	0.742821680826
80	0.995205238605
103	0.863810253934
81	1.12061348542
100	1.13302200147
80	0.978167791026
90	1.07732070344
106	0.898454904096
84	0.914316475115
87	0.871224265284
81	1.10129979984
66	1.06538715303
89	1.11488693224
101	1.49061255746
98	1.16115136964
83	0.834016216262
72	0.84025384903
104	1.28495924867
81	1.05885412273
101	0.98855649411
81	0.825712987927
91	0.801546332764
82	1.03100049428
107	1.13467916071
88	1.01199491924
85	0.967393177963
67	0.995324281101
82	0.975445875624
102	1.20929814217
99	0.979620457683
90	1.27377491117
84	0.918930565216
105	0.794300391073
82	1.14216945905
82	0.86401402247
102	1.02244666935
73	0.73071048121
92	0.922142827808
108	1.00466644639
83	0.718570459464
89	0.939873019628
68	1.1099948192
83	1.07058315
86	0.946447031424
103	1.35109024982
100	1.07620941621
106	0.859342315693
85	1.08002343411
91	0.810886069639
83	1.32178100175
103	1.03254754594
83	1.18013189889
93	0.913563869461
109	0.912226338004
74	0.691815192201
84	1.0928974731
69	1.60564290375
90	0.987471231937
84	1.12409613313
104	1.20131403284
87	0.718817635326
101	0.955308443137
107	0.866576813656
84	0.7768066319
104	0.994176991106
86	1.21639978558
92	1.03875641315
84	1.11940264713
94	1.09610563245
110	0.834431496425
75	0.736576887081
70	1.03745827659
91	1.04848849444
85	1.16300629614
105	0.966409839833
85	1.25775491006
108	0.906534858318
102	1.11746770806
88	1.14670283763
85	0.69996884936
105	0.969912550813
87	1.1451942838
111	0.947030717541
95	1.17850790768
93	1.09370994684
85	1.00318126319
71	1.01046623294
92	1.01312405492
76	0.936763319594
86	1.07296904124
106	0.973397548957
109	1.31848274832
103	1.02574065458
86	1.14396723183
86	0.921459371017
89	1.07973643508
106	0.943581834274
112	1.11579076825
88	0.890086987806
96	0.907767949118
72	0.746991819085
86	1.03981914849
94	0.882317793437
93	1.02371258139
107	1.02872314637
110	1.11864260681
77	0.89521485838
87	0.874545790447
104	1.23478623401
87	1.14368436938
87	0.946378005566
107	1.07833451678
90	1.0238038083
113	1.11782839373
89	1.05109816103
97	1.26741435359
73	0.89039116798
94	0.988109126277
87	0.989134887106
95	0.941166690658
108	0.984139970716
111	0.769546615933
105	0.912865354723
88	0.791168165257
88	0.860650420971
78	1.19399098747
88	0.905842977088
108	1.02886464297
114	0.974621951775
91	1.21378267103
98	1.06384489008
74	1.15959594139
90	0.865386092296
95	0.920942536107
88	1.04156130251
109	0.618255183495
112	1.08225432093
96	1.01034065515
106	0.786410120889
89	0.864806537102
109	1.11664756835
89	1.08655964025
89	0.929196428761
115	0.900378262255
79	1.11380194928
75	0.826158622115
92	1.59068048731
99	1.03515133917
91	1.07750613837
96	1.1377125186
89	1.0603427864
113	1.23554894549
110	1.33039903688
107	0.885927790817
90	0.833353407085
97	1.43094556803
110	1.18059135522
116	1.03068374881
90	1.00301024945
90	0.803236501531
76	0.899986553144
80	0.552125994643
100	0.976578908772
93	0.826709932068
97	1.21474410852
92	1.02419881348
114	0.871506164914
111	1.1423598411
90	0.895456866561
91	0.894795990901
108	1.03079087094
111	0.937534851978
98	1.01226319434
117	1.00441592322
91	1.04028354103
77	0.800146252349
91	1.07171841888
101	0.992836846778
98	0.953150765851
81	0.850686490893
94	0.801720640945
93	0.983956653178
115	0.876687680301
112	0.786077760999
91	1.01009755264
92	0.812428392205
109	1.17597976003
112	0.983517072875
118	0.987025253576
99	1.01069797797
78	1.21871775749
92	1.07005178165
102	0.92174609679
92	0.860851525913
99	1.06856783276
95	1.08035978361
116	0.909577125794
94	0.860747042272
113	0.85702207562
82	1.13893362881
93	0.939004297853
92	0.859025099617
110	1.04382640754
113	0.966575593829
119	1.02220816835
100	1.22181923845
79	0.990748667868
93	0.957934208197
103	0.945747619997
100	1.1827368444
96	1.00834673996
117	0.971493129371
93	0.954334479586
114	1.07930333115
95	0.882193703017
94	1.19376711259
83	1.19838862239
111	1.07337578711
93	1.1223290316
114	1.09639979744
120	0.921535663765
101	1.15722594688
80	0.934164148618
94	1.02180025485
104	1.03457138375
101	1.05117456668
118	0.909894132172
97	0.971189254837
115	0.826677585746
94	0.993516134
96	0.902510504241
95	0.976642319644
112	0.878935249981
94	1.28213889169
84	0.998566964856
115	1.06610841106
121	1.146982266
102	1.07311181186
81	0.891603993552
95	1.09301883081
102	1.01862150831
105	0.914688415593
119	0.937008925395
98	1.11431867496
116	0.868293552317
96	1.1198596075
95	0.71025318261
97	0.922995188708
113	1.38770906321
116	1.08412219484
122	1.20931025771
95	0.889729601147
103	1.03691687477
82	0.981116386956
85	0.68188904192
103	0.982453915487
120	1.18171501271
96	0.944219475029
106	1.13715124519
99	1.29840778156
117	0.771590963952
97	0.777325014975
98	0.783903637136
96	1.05409191161
114	1.06507335415
117	0.913086911732
123	1.21535847659
104	1.05088921853
96	0.815346231124
83	0.844505807793
86	1.65892903025
121	0.888124367051
104	1.21024222775
107	1.00466047321
97	0.973741478858
100	1.28875579132
118	1.03415019072
98	0.921505700061
99	0.938407160915
118	0.804047164851
115	0.982713533312
97	1.2792080416
124	1.14479934383
105	1.08309330269
84	0.990703131646
97	0.759272371636
122	1.16446670898
87	0.904839936375
105	0.959948117631
108	0.991298051781
98	0.957962085962
101	0.823912202837
119	1.06465267525
99	1.3085664107
119	0.97193565413
116	1.0144683976
125	0.90244044237
100	1.08307740094
106	1.09976153552
85	0.899085047604
98	1.35098109877
98	0.789250871471
123	1.42200425315
106	0.972064157229
109	1.55209687379
88	0.792319471106
102	1.01072628664
120	0.961882038484
99	1.02272583014
100	1.0488371089
120	0.951676575233
126	0.800781095384
117	0.987101829945
107	0.981625163801
86	1.08816271344
101	0.859203266791
99	0.766111307338
99	0.981777090121
124	0.835044750256
107	1.127202016
110	0.848575809499
121	0.756076135861
103	0.920579505
101	0.988175046955
100	0.907052980362
89	1.05617013423
121	0.964564286415
127	0.94238652057
118	1.26008467427
87	1.26654992275
108	0.982605784306
102	1.01295499629
100	1.17172582805
100	1.07220285963
125	0.796849340425
108	1.11699094136
122	1.10456095895
111	0.955023628
104	1.09747640378
102	0.976868544298
101	0.946600745392
122	0.841085390061
90	1.15474667355
128	0.804191271594
88	0.991456078182
119	0.879604057817
109	1.05361068023
103	0.980874013796
126	1.2173145985
101	1.19763896918
101	0.889719116793
109	1.07983377937
123	0.8959891552
112	1.03097385309
103	1.25075356728
105	0.978438463113
102	0.871474315834
123	1.14452464026
129	0.907042698689
89	1.05305289144
110	0.802234626647
120	1.12236509234
91	1.04482748108
104	0.874352794459
127	0.920098997215
102	1.05919187952
110	1.22103619996
102	0.952457837944
124	1.14000876371
104	0.864338468731
113	1.02081833139
106	1.07432699795
103	1.0969287183
124	0.964179930131
130	1.04692860893
90	0.932566895536
111	1.14579936988
121	0.988828045513
92	0.828092489024
128	1.01039376276
105	1.00345121681
103	0.861428032063
111	1.1938020373
125	0.930267288638
105	0.978396410639
103	0.918824873456
114	0.983080908429
107	1.18971858065
131	1.0389074755
125	1.06786307373
91	0.84716593958
104	0.927567244634
112	1.10630272268
122	0.961079703101
129	0.726205964362
106	0.911703399822
93	0.857255402307
112	1.19083589329
104	0.999656581017
126	0.759852486547
106	0.939948964763
115	1.19863104135
108	1.10940788459
104	0.801711014442
132	0.887005313986
126	0.919309804906
92	0.890603529177
113	0.910791656603
105	1.00978380461
123	0.90884866476
130	0.955507718089
107	0.975883792511
113	0.868451981343
94	0.833489195305
127	0.698961657884
105	1.16208810295
107	1.05558682261
116	0.983491111736
109	1.1773108021
133	0.784796688326
127	0.85017106616
93	0.899089518376
105	0.833939854065
114	1.19775769385
106	0.908424332991
124	0.754741893183
131	1.0936311156
108	0.90800857042
114	0.817469357312
128	0.922677870041
108	1.27947380174
106	1.18835403292
95	0.816435055954
110	1.29996582617
117	1.10188742967
134	0.841613709921
94	0.789004932218
128	0.995100413078
115	0.945752065424
106	0.999160228575
125	1.0846168421
107	1.21316148459
132	0.974073677592
115	0.954337825104
109	1.06505418224
109	0.883738755762
129	0.874164249311
107	1.05356054125
111	1.30327294803
118	0.842327994631
135	1.02971679573
95	1.07425839173
129	1.08962169245
96	0.898515518052
116	1.01801952883
107	1.03567068557
126	0.973047165181
133	0.898819663596
108	0.98183602251
116	1.05545672774
110	1.31480453158
130	1.14490763252
110	1.03212909828
108	0.960808014272
112	1.16250214032
136	1.02867767635
119	0.96409378626
96	0.902095360318
130	0.927844621894
117	1.20773724654
97	1.4160170552
134	1.20168029413
127	1.10878328643
108	0.815818364689
109	1.06970194535
117	0.874713700846
111	1.16044569273
131	1.00477205551
111	0.909534872467
113	0.993926956261
97	1.05368796991
137	1.03005430378
109	1.24892893409
120	0.907453780876
131	1.06386654997
118	0.658950319261
135	1.07135129505
128	0.797791418221
98	1.10161817867
110	1.10060096742
109	0.923183859129
118	0.946977528202
112	0.844027429503
132	0.978741683311
112	0.805413377406
98	0.945572178528
114	0.951759456315
121	0.924300603845
132	1.26177077923
110	0.986072920526
138	1.14787680854
119	0.902984275361
136	0.944372217928
129	0.890749232123
99	1.01137298724
110	0.860416233438
111	1.01904489074
119	0.936652457882
113	1.04239259409
133	1.0882116974
99	1.19358203225
115	1.02597083673
113	0.850875202094
133	1.18647272906
122	0.989798317594
120	1.05672682988
111	0.866060467431
137	0.911264847296
139	0.866611465103
130	0.768371644619
111	1.19037156944
100	1.32598736243
114	0.880650207413
120	1.15614319026
112	0.938806867503
134	1.06814360289
100	0.903856495602
116	1.23613418757
134	0.995132566571
123	0.884299662914
114	0.940809890184
121	1.1868571969
138	0.882971181684
112	0.993726866506
140	0.903541900729
131	0.976631534472
112	1.11453909108
115	1.5024603281
121	1.19282712568
135	0.892071737539
113	1.05797556082
101	1.90094276754
101	1.16613854483
135	0.984166234848
117	0.877738688391
124	1.15977394499
139	1.02762647527
122	0.952204120823
115	0.997876041268
113	0.993210039257
132	0.954256324386
141	1.19476940453
113	0.826963680696
116	0.737642620041
136	0.993629534936
122	1.25303885402
102	1.1755042439
136	1.18607112183
114	0.989755057552
102	1.29559768337
118	1.01885920325
140	0.812453617812
125	0.861930457606
123	1.02927556075
116	0.773577551172
114	0.898339948932
133	1.02944816654
142	1.05155516829
114	1.0526421076
117	1.03186463788
137	0.843001073465
123	0.963891139484
103	0.971042288327
137	0.900864377055
141	0.838122661172
119	0.87347760966
115	1.04796349487
126	0.95853569004
124	1.00471034154
103	1.12037604375
117	0.882462068406
134	0.987335555354
115	0.969586091692
115	0.965591689612
143	0.949446233947
118	0.991428604929
138	1.03608516427
124	1.05534103528
104	0.926690985465
138	1.03114072562
142	0.96443183897
120	1.00253576258
127	0.897905886975
125	1.02314562741
116	0.989598017735
118	1.01181210296
104	0.955086799119
135	0.920349239799
116	0.90888821945
116	0.882043468374
119	0.728939521701
139	0.829302261985
144	0.958839830363
125	1.05107684498
105	1.20545553831
139	0.867953780468
143	1.06518219654
121	0.764921269911
126	0.946458669977
128	1.04561626599
117	0.931403796464
119	1.03100698376
136	1.13177561347
105	0.799405818647
117	1.06003006867
117	0.884095365166
120	0.860874493901
140	1.25353772548
126	0.901786309571
106	0.874990468594
145	0.872242422339
140	0.773693810863
144	0.928572665446
122	1.18547993551
127	1.12327232268
129	1.14294038002
118	1.0640440914
120	1.12691857574
137	0.812939500812
118	0.951853706257
121	0.864603539265
141	1.00588359137
106	0.858266127676
118	1.16842969423
127	0.894744282182
107	1.01340375339
141	1.14691779126
145	0.996761559164
146	1.06940524176
123	1.36173177283
128	1.09104177735
130	1.04917094358
138	0.948929248316
121	0.92638768103
119	0.882543653439
119	0.927982988692
122	0.909728531118
142	0.916806365815
128	0.818125732061
108	1.0412516046
119	1.00185448083
107	0.672754729395
146	1.34073796109
142	1.81132473611
147	0.94054491358
124	1.07625497809
129	1.09989590667
131	1.07311290273
139	0.870058547493
120	0.768561710883
122	1.11209380256
123	0.961692738991
143	0.645016976859
120	0.914877739783
109	1.09243985607
129	0.950305894579
147	1.04712132493
143	0.963722544198
120	1.45874487132
108	1.15346939593
125	1.06302888321
130	0.934458254352
148	1.06330449225
132	1.07114449793
121	1.13057257101
140	0.952474116678
124	1.0664573923
144	0.8582856446
123	1.02204764159
110	0.96329376895
121	1.17300259214
148	0.95148253445
130	1.10197288325
144	1.26055678144
121	0.765511315019
126	0.782148222114
131	0.878842232853
109	0.848431009106
133	1.15150633437
149	1.00621655205
122	1.14566288514
141	1.05672703727
145	1.0110397676
125	0.91939932016
111	0.817934567529
124	0.868232813225
149	0.928739591689
131	1.13027651034
145	1.03830010055
122	1.23552654419
122	0.883814268664
127	0.741958125845
132	1.14765828992
134	0.903315133475
110	1.27430079405
150	0.968931934236
123	1.20796519438
146	0.952545090174
126	1.51863844674
142	1.13151441203
112	0.962407889114
150	0.967632115058
132	1.06300414485
125	1.15085072119
146	1.0496068282
123	0.975139077086
123	1.0565165438
128	1.00351622697
133	1.02760370231
135	1.01880258728
151	1.27855661664
111	0.822959346524
124	1.0391700125
147	0.962713209948
127	1.23897765232
143	0.909661486531
151	1.0822981261
113	1.04468364801
147	0.823901345358
133	1.02643449837
126	0.963036506076
129	0.830927802244
134	0.94337140494
124	0.931786657893
124	0.936905250045
136	1.12766312143
125	1.05385615223
152	1.03671572598
148	1.23416524555
128	0.884010602536
112	1.22050325236
152	1.0311215672
144	0.840827130174
114	0.819844388211
148	0.888145384086
134	1.00174386837
127	1.06311401905
135	1.17534764335
130	0.765658741207
125	0.966774594835
137	1.09275260724
125	1.00210130489
126	1.28039089859
149	1.30075302588
129	0.826391898769
153	0.873748136194
145	0.670512901299
153	1.37041859846
115	0.945464586453
149	0.890043581093
113	1.00334351601
135	1.10011893263
128	1.14188463135
136	1.0811726733
131	1.27094617062
138	0.867063215258
126	1.08377791949
126	1.14898519477
127	1.32854163283
150	1.06296929338
154	1.00186160735
130	0.848166448993
116	1.00138222226
146	1.37322050955
150	1.05872953471
154	1.3342460436
136	1.09038539205
114	0.993494222549
129	0.907532827581
137	0.818691214929
132	1.48582804742
139	0.963166398907
127	1.01780121668
127	1.19844721778
155	0.888789049494
151	0.90469090482
128	0.779276918452
131	0.805868984537
117	0.934282543583
147	1.2479278297
151	1.00860660535
137	0.977256331142
155	1.30672724826
115	0.946634307014
138	0.916460495248
130	0.881945222931
133	1.23971983354
140	1.00846821284
156	0.797281616625
128	0.978307760331
152	0.604411015825
129	1.05852514386
132	1.16131478443
128	1.24971868082
118	0.930164389085
148	0.770531043403
152	0.923189386942
138	1.15412518181
156	1.08509579107
139	1.03352859106
134	0.975072553375
131	0.928106652277
116	0.867247927404
141	1.08283226288
157	0.837741553396
153	0.979844297652
130	1.01109512258
129	0.959986399025
133	0.906803954647
119	0.803705004603
149	1.09618168076
153	1.09031276849
129	0.93994634457
139	0.900794873863
157	1.0136466017
140	0.806923257955
135	0.779861316823
132	1.02838463345
142	1.02246102115
158	0.846146234578
117	0.790397971551
154	0.784395264635
131	0.803908777264
134	1.18553026495
120	1.03691029063
130	1.21563228388
154	1.07667035878
150	0.874824750438
130	1.08453710187
140	1.02850668353
141	1.03270398522
158	1.03843995468
136	0.783321360661
133	1.01194911557
143	0.835714401304
159	0.968951813515
155	0.821391239065
121	0.831941678755
118	0.813207284765
135	0.945919215868
132	0.90970697931
155	0.933185507018
131	0.96366076224
151	0.879257506786
141	0.957817705903
131	0.871979255619
142	0.797954356528
137	0.888287720422
159	1.01054499214
160	1.03061877804
144	0.972129818545
134	0.885374858814
156	0.848402209281
122	0.940690497339
136	0.739684871528
133	0.845858535143
156	0.783548655852
119	1.47461206015
152	0.906463704299
132	0.795461542213
142	1.09394476048
132	0.8745913141
143	1.0299262829
138	0.958539658159
161	1.14179667778
145	0.891380276656
160	1.17802581018
135	1.00651467048
123	0.864227377769
157	1.05027215365
134	0.868125637094
137	0.967790439178
157	0.829359814439
133	0.870791920256
120	1.01891906125
153	0.867384531151
143	1.36182841979
133	0.829085297174
139	0.992079632929
162	0.831614973702
144	0.823389970703
146	1.07754475605
161	1.21671628129
124	0.92364003752
136	1.60428677432
158	0.881030644092
135	1.15690685635
138	0.920314302308
158	1.08929715627
134	0.946871854247
154	0.907863742964
144	0.990315230189
121	1.05100189537
163	1.00312309579
140	1.04538715025
134	0.912321717578
145	0.776736179899
162	1.18874528925
147	0.955381664758
125	0.933133431891
159	0.948043513807
136	1.0405892842
137	1.01380259158
139	0.890510115961
159	1.05156793283
155	0.860122281646
135	0.872242564085
145	0.852458154386
122	0.902986709103
164	1.25786002969
141	1.07721121872
146	0.850542218999
135	1.14220521764
163	0.996926599663
148	0.950873536852
126	0.909127835401
160	0.84216298591
137	0.991092699621
140	1.03308377383
160	1.41626958025
138	0.915039076725
156	1.06349369172
146	0.999951273633
136	0.785291081356
165	0.894836880112
147	0.925318578649
142	1.04240493468
123	0.767107581236
164	1.08055685744
127	1.2058848342
149	0.911310195814
136	0.94126372502
161	1.24935422026
138	1.18555695573
141	0.999148769238
161	1.02435923866
139	0.987925206921
157	1.02361798409
147	0.964688063425
137	1.0418754997
166	0.96573585327
148	0.957272090929
143	0.85740353979
165	1.22888374109
128	1.04489633233
150	0.858969633802
162	1.19950928322
124	1.19216224333
139	0.879367636348
137	0.833221519866
142	1.02811624608
162	1.00143760476
140	1.1227923875
148	0.945943296231
158	1.04790433907
167	1.00990003346
138	1.15644673019
149	1.03442629013
144	0.885286198999
166	1.47575264391
129	1.06571988974
151	0.950009024839
163	0.87677294373
140	0.971316126736
143	1.12532496097
163	1.02417943174
125	1.02202803874
138	0.87680634533
141	1.06173184193
149	1.05461195167
159	1.06038343764
168	1.00967496045
139	0.938237663655
150	1.03424156196
167	1.0950203218
145	1.06028265997
130	0.910210628817
164	1.02606402807
152	0.985974732996
141	1.00556941154
144	1.21947762377
164	0.879133601511
139	0.952854818793
126	0.844747914534
142	0.849956057637
150	1.04255901289
160	0.767288274264
169	0.980827952969
151	0.842672340318
140	1.06394704988
131	0.96367240688
168	1.06130647391
146	0.886491891774
165	0.94946337109
153	1.17155616945
142	1.06941560089
165	0.868792765479
145	0.911948447832
140	1.08569507417
143	1.15908673112
127	0.805114884985
170	1.10021559846
151	1.07556227652
161	1.09523741634
152	0.863311319921
141	1.04579845489
132	1.07883015212
169	0.990463480815
147	0.911905686336
166	0.941993126881
143	1.05807861456
154	0.955041135366
146	0.91508880388
166	1.20973272735
141	0.932670300089
171	0.884355676601
144	1.15910452942
152	0.991955350586
162	1.18521089733
128	0.835154030907
153	1.1661937647
170	0.953431966355
133	0.847852392376
142	0.872436283351
148	1.1329216178
167	1.10425669875
144	1.28676555083
155	0.838740331562
147	1.10192432248
167	1.01315719802
172	0.925414857527
153	0.886289097265
142	0.948845963518
145	1.06307069252
163	0.955040798829
154	0.997182331698
129	1.06479263411
171	0.960121436162
134	1.06958927515
143	0.903220341646
149	0.851378569877
168	0.745374075762
145	1.21168903765
148	0.812955533508
156	0.952888211182
168	1.3706711918
173	1.03267448827
154	0.963689297379
146	1.10145020083
164	0.950961313929
143	1.23956095905
155	0.753348691391
172	1.00247549931
135	0.926116355709
130	1.03096906365
150	0.863553757969
169	0.945233300165
144	0.846413196034
146	1.07459420365
149	1.0965340363
169	1.62478644346
157	0.980098758467
174	0.988069763645
155	0.996594196015
165	0.89978525933
147	1.22517465317
156	0.840767502068
144	0.966839797752
136	1.19277847521
173	1.09510105742
170	1.29831913876
151	0.993974100906
147	1.27855225459
150	0.896605412823
170	1.08245786715
145	1.35334801033
131	1.08654779992
158	0.662524151565
175	1.01944105423
156	0.956471731295
166	1.03704672009
148	1.02943185011
157	1.04134859973
137	0.907552214301
174	0.824932172953
145	1.01951041879
171	0.778481038054
152	0.932083170478
151	0.808523960074
148	1.14825558295
171	0.799845716753
146	0.85869078151
159	0.994726600041
132	1.28994956156
176	1.12627203404
157	0.90475526821
167	0.924463615098
175	1.20079794158
158	0.835006995171
138	0.857915455639
149	1.12105564121
172	0.875192721264
146	0.86043656249
153	1.15390644106
152	0.75293313105
149	1.02309755637
172	0.750955423443
160	1.0882644726
147	0.947806626734
177	0.999589199995
133	1.05492626586
158	1.09487214379
168	1.04087888287
176	1.09990643159
139	0.956893957889
159	0.939714681611
150	1.13432820853
173	1.25684605102
153	0.842849654228
154	1.27782409203
150	1.01764032827
173	1.03226623423
147	0.874044747266
161	0.874753868327
148	1.14484463252
178	0.930000134953
134	1.06716520963
159	0.902492596037
169	1.03238627986
177	1.04858257116
160	0.77939310427
140	0.95342261436
151	1.02997648531
174	1.01018172326
154	0.847938526623
155	0.774237430242
151	1.06165542754
174	0.842921474548
148	1.12520776956
162	0.80495478155
179	1.23026338298
149	0.959914994317
160	0.947713702155
170	0.852600755204
178	1.19107174084
141	1.09213052048
161	1.00025802468
135	0.87426311673
175	0.956653472988
155	0.815428535349
152	1.16681323456
175	1.08424017316
152	0.892433895178
156	0.857829824914
163	0.861899668932
180	0.743932566648
149	0.980872412506
150	0.745205572483
161	0.824640812427
142	1.16884187766
179	0.947236696873
171	1.1516901446
162	0.918742380539
136	0.776669143385
176	1.19440008808
156	1.03242095395
176	0.872112645175
153	0.937403857327
157	0.95006222766
153	1.09775315277
181	1.03225119843
164	0.799932094851
150	0.882862690105
151	0.919826367549
162	1.00280878869
180	1.13692545654
143	1.32494335495
163	1.09286944606
172	1.27342252079
177	1.02048513614
157	0.839898148973
177	1.00595594882
154	1.07288088549
137	1.03780268087
158	1.04288138639
154	1.17234055195
182	1.15680485591
165	0.894205439696
152	0.929531243502
151	1.11984664552
163	0.992867277511
181	1.2748867396
144	0.958790339514
164	0.907068795755
173	1.06919560987
178	1.02465071185
158	1.15280512392
178	0.980235884396
155	1.03623334992
159	1.45890836063
183	1.15146189723
155	1.10139977472
138	0.813675045998
166	0.913328353951
153	1.19115757485
152	1.09471647984
164	1.06979380812
182	0.96304135264
145	1.08910552748
165	0.946083002651
174	1.07984485304
179	0.768505502404
159	0.869471927872
179	1.26956967092
156	1.03234376515
160	1.46596592802
184	1.02926306482
156	0.932417152011
167	0.95813191351
139	1.25733286639
154	0.837003220756
165	0.940410133989
146	1.28843438428
183	0.968376884156
153	1.12865657443
166	0.91143491175
175	1.13157600508
180	0.681398740802
160	1.17238160439
180	1.03964865718
157	1.11218206058
161	1.00240744457
185	1.07565373519
157	0.969560393153
168	0.874313285938
140	1.06088274149
155	1.28068538279
147	0.89373202871
184	1.22958666597
166	0.995627907257
167	0.981085140927
154	0.972682046123
176	1.10035608162
181	0.82460607506
161	1.05136229432
181	1.22117409953
158	1.12439689537
186	1.00853793872
162	0.841447369711
169	0.866818700573
158	1.02419444492
185	0.910813707124
148	0.851871106827
167	0.988198084656
141	0.841901300681
156	0.877914069079
168	0.981238540557
177	1.05379358434
155	1.06419725856
182	0.882916006966
162	1.00297457574
182	1.28465317472
159	0.937651062026
187	1.25337020555
163	0.917632675987
170	1.05217378262
159	1.03781147488
186	1.06443259021
149	1.09879282143
168	0.901008856138
157	1.24927140207
169	0.961464860229
142	0.939444668406
178	1.14749218735
183	0.787278267328
163	1.12028823411
183	1.06697137508
156	1.02787510117
160	0.821681422574
188	1.25622296995
164	0.994830076001
171	1.09757270016
160	0.784083554192
187	1.23486701667
150	0.983786144269
169	0.872231355174
170	1.05252735382
158	0.868127549316
179	1.00183600192
164	1.34983926711
184	1.26598274807
184	0.983139813123
143	0.94615641331
161	0.854887782497
189	1.01007061665
157	0.866470330514
165	0.870323450649
172	1.09892993455
161	0.852192742004
151	0.965769661738
188	1.09479241581
170	0.993828327089
171	1.03918283535
159	1.26138409763
165	0.937216643702
180	1.16605688665
185	0.947608066996
185	0.674823538346
190	0.868153579217
162	0.905924414777
144	0.772259898831
166	1.20058312417
158	0.78978667212
173	1.04052649154
152	0.856651562813
189	1.07932119371
162	0.869630893056
171	0.916832207002
172	1.04075813643
166	0.957756214873
186	1.13400849728
181	1.05717482321
160	0.754268031494
191	1.0034848191
186	1.09178961299
163	0.895235431982
167	1.15403551838
159	0.954617473778
145	0.904576262725
174	1.0530767459
190	0.923874943029
153	0.875934680674
163	0.84352460626
172	1.02521437181
173	0.860265244815
167	1.0238392892
187	0.843195858295
192	1.15995323805
182	0.97358880578
187	0.692799294586
161	0.921963249686
164	1.14804071962
168	0.99469553457
160	0.893733545026
146	0.942902296744
175	1.06770508108
191	0.953103671136
154	0.94239621451
173	1.03376695679
174	0.993759287316
164	0.882077026294
168	1.24293631611
188	1.26725671544
193	1.19288689809
188	1.37862892083
183	1.20685187821
165	0.975546448874
162	1.08352816734
169	1.0567487939
176	0.971785480723
161	1.12080791286
155	0.961114489925
192	0.823166949531
147	1.16499603856
174	1.13926876655
175	0.846425091686
165	0.888451859691
169	0.911310426219
194	0.974920846444
189	1.13322146757
189	1.13033635579
184	1.181739996
166	0.862200108951
163	1.21069373401
170	0.826342683365
156	1.08947128909
193	0.906313569028
177	0.902751689122
162	0.943867132989
175	1.22670838484
176	0.789788505952
148	0.814360656666
195	1.06872227742
170	0.937402117807
166	0.926071268344
190	1.18099931183
190	0.974908769563
185	0.824417610686
167	1.17687575493
164	1.10785624912
171	1.24974210796
157	1.06683487564
194	0.86753671834
178	0.911857315083
163	0.853315298792
176	0.987986180902
177	1.18526062375
196	1.19704045762
171	1.03650159796
191	1.20767411085
191	0.80930214487
167	0.964371318172
149	1.01470213582
186	0.86268466363
168	1.02566370756
165	0.809573245518
158	1.0558211537
195	1.09080260638
172	1.00342023121
179	1.24694581068
177	0.971356099672
178	0.961685743625
164	1.0397720075
197	1.06985051929
172	1.01633377987
192	1.31441971004
192	1.09635868404
169	1.09550367414
168	0.995756709536
187	1.03448216185
150	1.03418410448
166	0.778776828429
159	1.13911563124
196	0.857283225175
173	0.797364953522
180	0.915586797733
179	1.02327482505
178	1.01657436541
198	1.16145082779
173	1.47457185983
165	0.923096937961
193	0.98670455497
193	0.692277948531
170	0.91725132789
188	1.12422197777
169	1.26067895964
151	0.977835436852
167	1.06223324633
160	0.951828739377
197	0.862403995046
174	1.02816341137
181	0.938553846486
180	0.940737113693
179	0.994284660052
199	1.27999780828
174	1.0216576588
194	0.87315828679
171	0.894890946351
194	0.957570709293
166	0.918522237207
189	1.17790227381
170	1.04340206475
161	0.995526080629
168	0.945591866447
152	0.986970967175
198	1.25078495149
175	1.04605847471
181	0.959690571133
182	0.84198329361
180	0.779148427537
175	1.08556244112
200	0.910729361761
195	0.764181332533
172	1.12636578512
195	1.099655072
190	1.0329748096
167	0.88423011037
171	0.822147672951
162	0.985257895353
169	1.26926545147
199	1.26676955652
176	1.19078807184
153	0.627741282787
182	1.11675610006
181	1.06527058439
183	0.927650957008
176	0.959245164935
201	1.12422472534
173	1.15936616778
196	1.19418354158
196	0.992472881968
191	0.85230389881
168	1.00508524137
172	1.10796830291
163	0.914198441755
200	0.879097424125
177	1.07593079289
170	1.26780232402
183	0.846760766591
182	1.01824630385
177	1.12970933987
154	1.02730359673
184	1.0736286682
202	0.766801062319
174	1.02721623253
197	1.29841670902
197	0.966576927291
192	1.17850869935
169	1.09799254435
164	0.738080698354
173	0.895546296679
201	1.00105834721
171	1.00696144689
178	0.942365618102
184	1.22156054947
183	0.999004529508
178	0.771323290337
203	1.10906740583
185	1.03670621051
155	0.891258687415
175	0.931407231471
198	1.26057274351
198	0.953890953407
193	0.967158030303
165	0.987602619693
170	0.988614846138
174	1.12474505985
202	0.837414595606
185	1.01980070824
179	1.23939271309
172	1.03914580795
179	1.05676459156
184	1.36580872138
204	1.02580318977
186	0.976625154195
176	1.10951346715
199	0.809448444969
199	1.34465800946
156	1.00504415819
194	1.10288271749
166	0.991023052881
175	0.772011340049
171	1.12066207085
203	1.09131166214
180	1.18273997628
186	1.15268619548
180	0.888779450207
185	1.03903605349
173	0.960988584618
205	1.08890867556
187	0.854990950509
177	1.08827007257
200	0.924840107078
200	1.02827567138
195	0.978696726497
157	0.877985809009
167	1.14810066336
176	0.893413115021
204	1.15428100264
172	0.975683759895
187	0.800360776933
181	1.0506147604
181	0.77537563576
186	1.03824227301
206	0.931391711964
174	1.02225130049
178	1.24751320698
188	0.987343655677
201	0.953893928825
201	0.920710762085
196	1.0736283149
168	0.947551896079
158	0.955243254939
205	1.10580715316
188	0.980526571612
177	0.942321707437
182	0.869781881402
182	1.01721212344
173	0.892250612597
187	0.980355890469
207	1.10727063878
175	0.610670942429
179	1.23838811992
189	0.940272328588
202	0.990271230275
202	0.867089908769
197	1.19234460058
169	0.912776282352
206	0.882349807825
189	1.11490848655
159	1.14819435467
183	1.05424158649
183	1.02441284087
178	1.29062435855
188	1.10742818777
208	1.46358317947
174	0.880242275905
180	1.07812981632
176	0.815828034161
190	0.902158424141
198	1.15767547402
203	0.735437853191
203	1.18093159504
170	1.21127465298
190	1.09369406963
207	1.4554605749
184	0.854178752449
184	0.980198449161
189	1.03912561739
160	1.09322745178
209	1.08647012833
179	0.946749427894
175	1.02286391672
181	0.774965503717
177	0.734003981314
191	1.13436726623
199	1.12052481541
204	1.19824085531
204	1.34439221505
171	0.964726939224
191	0.827863720964
208	0.837245997002
185	0.832461189599
185	1.16997173982
190	0.973272048296
210	1.454523254
180	0.993990687117
182	0.95277504523
161	1.08362669221
176	0.982475359274
178	0.802961328221
200	1.34278284287
192	0.826012350872
205	1.13059734035
172	1.04425817758
205	1.25252797415
192	0.962715467244
186	0.746948973283
209	0.969286977604
186	1.01913706235
191	1.32946215106
211	1.0840661035
183	0.815553909839
181	1.1135834498
177	0.755444067883
162	0.904905124134
173	0.846898768829
201	0.718896682203
206	0.85379822498
206	0.858264847572
179	0.767632683426
193	0.961599956805
193	1.10000744138
187	1.2500608938
210	1.09630655791
187	0.706613077963
192	0.784475559811
212	0.846998405579
184	0.961290876321
182	0.884313873562
174	0.863866681091
202	1.05887108278
178	1.16754588767
207	0.797798905936
207	1.26340500507
180	1.04315541243
194	0.931663688302
163	1.13502562677
194	1.27231342064
188	0.889151137875
211	1.01001907127
188	0.886756064613
193	0.775797452571
213	1.04283912079
185	1.0272699731
183	0.973010574492
175	0.867631223913
203	1.33025881716
208	0.926143884041
208	1.18258966516
195	0.991992722415
179	0.94590776685
181	1.21749848682
164	1.09790431858
195	0.841664289457
189	1.37836017531
212	0.874024256504
189	1.14044088496
194	1.10192654611
214	1.03408352986
186	0.914277082919
176	0.947816344097
184	1.0166045963
204	1.02681962468
209	1.01465900012
209	0.823444199076
196	0.947380033207
182	0.870070164936
180	1.08929271148
196	1.02362991951
190	1.03191330949
165	1.16755726694
213	0.994429027492
190	1.09673938714
195	0.886931569233
215	1.13442497765
187	0.900347099959
177	0.918623505471
205	1.14706785281
185	1.0488476253
210	1.38806237962
210	1.09762159844
197	1.06894622444
183	1.02078627272
181	1.0340083557
191	0.777322684966
197	0.961136592526
214	1.32421834215
191	1.23370118771
196	1.14879075678
166	0.966138972796
188	0.834909627443
216	0.948262611064
178	1.12397460719
206	0.845908624204
211	1.00422975024
186	0.956544017794
211	0.88045536604
198	1.45959957316
184	1.03274697698
192	0.993876541874
198	0.942150727037
182	1.02863132139
215	1.24031415928
192	1.07109205976
197	0.936812166296
189	1.15398336308
217	0.869163128999
167	0.731028518818
179	0.793983712824
207	0.983102783251
212	0.768571627296
212	0.946142675947
187	1.16030850096
199	1.45556674651
193	0.992225351293
199	0.894431720728
185	1.17420780409
183	0.771821185039
216	0.866148383778
193	1.26369395274
198	0.954234522258
190	1.26117493094
218	1.07382159061
180	0.899006180242
168	1.10713627864
208	0.855986072953
213	1.29506025263
213	0.971907194949
188	0.909271026256
200	0.788855708293
194	1.04492479828
200	0.895037354982
186	1.01137917158
199	0.910395701879
194	1.07720466413
217	0.918710640684
184	0.832814554506
191	0.932825999128
219	1.15234067923
181	0.988174234533
209	1.19001331779
169	0.899347951944
214	0.981811671321
214	1.020381843
195	1.02077066091
189	0.930628686492
201	1.12942782192
201	1.05384754798
187	0.82375954289
195	1.26628486903
200	1.11882692332
218	0.994754512994
192	1.10549434852
220	0.975529868309
185	0.903674708105
182	1.04780410095
210	1.09232383612
215	1.10316643209
215	1.45104783676
170	0.809397426287
196	0.780172825909
202	0.912316164463
190	1.44730726526
202	0.960166903573
196	1.25582581467
201	0.903474892896
219	1.25084073846
188	0.877875764793
193	0.882921446446
221	1.04221870019
183	1.01564079582
186	0.917297811928
211	1.00562255165
216	0.854722600685
216	0.920122959798
197	0.753024631383
203	1.05268164152
171	0.69723663084
203	1.07104506287
191	0.95902753438
197	0.935054488004
202	0.862934289068
220	0.787153787694
194	0.998811402595
189	0.920045032982
222	0.6805272001
184	0.943916099401
187	0.979835578147
212	1.20619924663
217	0.880642965025
198	1.00490376643
217	0.961800542902
204	1.04355407982
204	1.22386359901
198	0.967094573584
192	0.805778260108
203	0.873028524824
221	1.04998541656
172	1.32576661761
195	1.19839015053
223	0.783582485906
185	0.777877781218
190	0.740006705478
188	0.876747704401
213	1.1899174666
199	0.703882814898
218	0.779377552466
218	0.956710748819
205	1.23780341978
199	1.34594693808
205	0.852212793032
204	0.832988820046
196	0.968939067513
222	0.744910679174
193	0.853510519943
224	0.964412196293
186	0.816186834213
173	1.14801785859
191	1.34720152475
189	1.25145141391
214	0.895135595659
200	0.701357835242
219	0.782913089719
219	0.875007076859
206	0.943513299898
200	1.35823330731
205	1.19928959167
206	0.876128705512
197	0.866326714247
223	0.703730984279
187	1.19061246824
225	0.908002349269
194	0.834344733647
192	0.975014432513
174	1.29239312631
215	0.96283363779
190	1.05902190569
201	1.05059857943
220	0.963224759764
207	0.952529880066
220	1.15427409209
206	0.748529837959
201	1.30163286247
198	0.815595044
224	1.5205130214
207	1.2508471526
188	1.12487862795
226	0.804244035961
195	0.97844242766
193	1.04330416837
175	1.23699603732
216	1.15619964612
202	1.01152814211
221	0.878506881326
191	0.895282379351
208	0.835947944793
221	0.664753816454
207	0.93293948565
199	1.0140492453
202	1.12999627666
189	1.16964692427
225	0.743465219323
227	0.980108701551
208	1.57561928885
196	1.2839977933
194	0.896068729318
217	0.674554188803
203	0.997069570204
176	0.909784083654
209	1.14492325861
222	0.984683096643
222	1.11311226327
192	1.21995176839
208	1.16483783039
200	1.0208630747
190	0.811986365021
203	0.88578973814
226	0.901774955472
228	0.978284668819
209	0.926213257111
197	1.01854082886
195	1.06747050766
204	0.525513520381
218	0.542338642546
210	0.847358280024
223	0.934394768959
223	1.04520508219
177	0.875504848069
193	0.974228509931
209	0.973810582503
191	0.966699705001
201	0.894542788016
204	0.842136206006
229	0.864704235732
227	0.937044909191
210	0.817239248393
198	1.27187415947
196	0.70822671135
205	0.826899553987
219	0.760938644356
211	0.979795106275
224	0.919411792039
224	0.882610213465
192	1.04133258239
210	1.06059452919
202	1.00410393109
205	1.38155971658
178	0.979766823864
194	0.902579633341
230	1.60271654369
228	0.904870310549
211	0.796871119649
199	0.960822257889
206	0.717798780575
197	1.1723815622
220	0.92353654072
212	0.884975023677
225	1.12370089959
225	0.965296380441
193	1.03547236438
203	0.965265758134
206	1.24035937153
211	1.08391188608
231	0.62350204297
229	1.00262347166
195	0.881157639772
179	0.78838889658
212	1.04439666151
200	0.800366941821
207	0.811822171565
221	0.855290316776
213	0.802744055097
198	1.17760619557
226	0.683733811339
226	0.93316653098
194	1.23061943723
204	0.989735411751
207	1.13317951132
212	1.1181673277
232	0.91941015021
230	0.834263125325
196	1.01996942213
213	1.06889437788
180	0.896779185186
208	0.627024547939
201	0.791751194529
222	0.774263016672
214	0.908601126019
199	0.820255708088
227	1.09969186215
195	1.13076404746
227	0.826330097814
205	0.676686925133
208	0.696383029174
213	0.841304757518
233	1.31722072209
231	0.954637947876
197	0.967994528487
214	1.19744216243
209	0.658768090034
181	1.3167192375
215	0.997809847249
223	1.13134480848
202	1.11911518107
200	0.972264665296
228	1.1057077563
196	0.957373623259
228	1.06158996518
206	0.908904154593
209	0.893567538133
214	1.20210016448
234	0.792223179439
232	0.990105660935
215	1.10878945727
198	0.889479507358
210	1.26697404625
216	1.21719116698
224	1.17249933123
182	1.13942153895
203	0.981221690331
229	0.66050083058
197	1.00019948779
201	0.583837449752
207	1.29938977967
229	1.20972657858
210	0.973307008877
215	1.02749246483
235	1.41975169381
233	0.963633239052
216	0.820130395255
211	1.10156293634
199	1.09771774742
217	1.38340800993
225	0.873870248466
204	1.01178335025
198	0.806118202521
230	0.840484777135
183	1.02168417579
208	0.930188774674
202	1.054239221
230	1.05555839076
211	1.10017228466
216	0.990479076613
236	0.897932129405
234	0.859841230402
212	0.906741835225
217	0.907779686599
218	0.805000807012
200	0.98156530484
226	1.17356136291
199	0.912219406498
205	1.19638263195
231	0.780534963137
209	1.08395445065
203	1.00013350183
231	1.34902805177
212	1.05755291555
184	0.82856723064
217	1.09925249325
237	0.921062136536
235	1.69916535622
213	0.525635476444
218	0.771378879698
219	1.02239689922
227	1.69653356322
201	0.774738536468
200	0.845614241426
210	1.03372532307
232	0.749295408566
206	0.957952841584
232	1.20303536749
213	1.05224395292
204	0.896529825703
218	1.03696687201
238	0.884715139298
236	1.0820627658
185	0.690940626861
214	1.01126542854
219	0.943480253396
220	1.20550232504
228	0.6462684015
201	1.11529538073
202	0.863227246159
211	1.08078727462
233	0.857676610292
207	1.1935209111
214	1.30337181255
219	0.752064432532
233	1.03340236127
239	0.817055887184
205	0.828955744505
237	1.48054570429
186	1.12088388305
215	1.40166510966
221	0.952173569102
220	0.924821388387
229	1.39527966557
202	0.927827914984
212	0.896142183829
203	0.968910262834
234	1.0760477165
215	1.3814261691
220	0.898740688117
234	1.017951733
240	2.24173950011
208	0.977123208976
206	0.856470843513
238	0.92723864968
216	1.89528876696
187	0.774009837566
222	1.08259753205
221	1.17077805626
203	0.652409483465
230	1.0573440512
213	0.759049411299
235	0.92132094903
204	1.06750083737
216	0.761224747132
221	1.0723317515
241	1.3801624749
235	0.739755874816
209	0.95608292279
239	1.34952455662
207	1.0926015986
217	0.805796129416
223	0.841082026612
204	0.826338503693
188	0.784411272188
222	1.05223305367
231	0.90797977466
214	0.849382206478
236	0.523444621442
217	0.824615141671
222	1.17515220691
242	0.825375850198
205	1.00194122458
236	0.650332609221
210	0.776093167541
240	0.849500381087
208	0.833614257982
218	1.18874038676
224	1.14087309623
205	1.07260499074
232	1.21828704945
223	0.998700197496
215	1.28115358858
189	1.07683553603
237	1.12473840319
218	1.44684767984
223	0.967655180966
243	1.44684685204
237	0.963343722249
206	1.11578543259
241	0.583626551975
211	0.875741783034
219	1.86229802957
209	1.20799668639
225	0.756448653511
206	0.982831107229
233	1.08113887924
224	0.971112086399
216	1.0082872856
219	1.00837572484
238	0.931072348269
190	1.20218013626
224	0.94391639334
244	2.09775169195
238	0.977564861192
242	0.900332474573
207	0.971020820519
220	1.20294369449
212	1.02835942737
210	1.0209367002
226	0.948257563679
207	0.948861783925
234	1.29389155043
225	1.05505227233
217	1.10786512266
220	0.548767835723
239	0.937109886
225	1.2381181447
245	1.04428993961
239	1.29451486016
191	1.63821191168
243	0.596475793102
221	1.54553948171
208	1.37952117151
213	1.05610219135
211	1.06256298699
227	1.24227944619
208	0.90066818947
235	0.793957977533
218	0.95286570139
226	0.806835545918
221	0.639366072459
226	1.09125228637
240	0.94133565497
246	1.09504504249
240	1.17238795011
244	1.13389433214
222	1.38296732753
192	0.8431217149
209	1.32597122931
214	0.896844205347
228	0.836273727478
209	0.994867560251
212	1.3814509153
236	0.990541695049
219	0.935411593209
227	0.807553502654
222	1.01771248532
227	1.18071199501
247	1.16101622422
241	0.858008922539
241	1.25119140666
245	0.775902167494
223	0.811878714439
229	0.977571588879
193	0.559258958975
210	1.04311742057
215	1.08915040671
210	1.13553331459
213	0.907504613508
237	0.859712419419
220	0.940460833316
228	1.25724877773
223	0.860330407364
248	0.841209688002
228	1.32907020076
242	1.29696708718
242	0.822934047095
224	0.724857714615
246	1.35410475987
230	1.05606423776
211	0.98826379398
216	1.03856945292
211	1.00575068074
214	0.899885701218
194	0.777303220381
238	1.11260735489
221	1.02557088696
229	0.750992580439
249	2.29607512962
229	1.47929761177
224	0.977321129195
243	1.05786586143
243	1.2875527885
225	0.813999215886
247	1.37699811582
231	0.625616886118
212	0.904649581711
217	1.13996552636
215	1.12823164579
212	1.02642517372
239	0.68008077662
222	0.96912480064
195	0.714648004794
250	1.75240696227
230	1.0292945517
230	0.84909352035
225	1.11618876316
244	1.10968813865
226	0.677859945146
244	0.929109104699
248	1.41261277761
232	0.875073305243
213	1.11725107206
218	1.02739676987
223	0.838157170954
240	1.48546122052
216	1.21340802745
213	1.14924328845
251	1.22760425501
231	0.607052164775
196	1.20843491138
226	0.562817008429
231	1.2509850969
245	0.876938153573
227	1.51427517485
245	1.05283996087
249	1.13165223154
214	1.11155243077
233	0.815913631556
224	0.853854901197
241	1.13476908274
219	0.987679071976
217	1.07806559509
214	0.901122544856
252	0.911722529409
232	0.943517042881
227	1.15272118615
232	1.19451519173
246	1.38697667277
197	0.968504768781
228	1.09805544144
246	0.942883935295
250	1.12959006321
234	0.699554374517
215	1.27129704827
225	1.01422025212
242	1.94037748369
220	1.12490248182
218	1.38075095263
253	1.44717278524
233	0.890993740244
228	1.08289624337
215	1.11744885616
247	1.34338301638
233	1.42922488409
229	0.68189346255
247	0.946785736618
251	1.40169888105
198	0.774303817368
235	0.653761695574
216	1.24801244348
226	0.821351348791
243	1.20675649168
221	0.912747201786
254	1.08230329351
234	1.32314334118
229	1.26003670021
219	0.763780578985
248	1.00419487168
230	1.26825553847
216	0.874008856424
234	1.13524965114
248	0.798179732971
252	0.746896067873
217	0.951196656259
236	0.984761935714
199	0.914218798667
227	0.950856321072
244	1.38494444963
255	0.169591723569
235	1.25362457148
230	0.65390906641
222	0.860973178429
220	0.773270157543
231	0.901077168205
249	0.620205569283
235	0.863557668558
217	1.04135405848
253	0.630505232059
249	0.70163730561
218	0.883460993747
237	0.910689135199
200	1.26800901208
228	0.997814767395
245	0.965354015804
231	1.63189220389
236	0.955499529224
223	0.940247752413
250	0.660981046038
232	0.756376439341
221	1.03303900776
236	0.952169627347
254	1.12393655041
250	1.26143303489
218	0.929425311961
219	1.13370400314
238	0.897115081578
229	1.12145792694
201	1.33507911193
232	0.875610151369
246	1.30313713303
237	0.886109682589
251	1.15473858546
224	1.11424771341
233	1.03512798129
237	1.00668875716
255	0.194652952082
222	1.06016451893
251	0.428676992179
220	0.787289181314
239	1.10641417686
219	0.795129688835
230	1.32125125467
233	1.13769571923
247	1.66133878218
202	1.24594801654
252	2.3324347079
238	1.31844566294
225	0.855890429291
238	1.31024692073
252	0.850268289743
234	0.486507140142
223	0.773893296347
221	0.955658114098
240	1.03982908697
220	1.12688779483
234	1.24642544676
231	1.12189808376
253	0.970061701486
248	0.936226304954
203	0.787469305291
253	1.78725766692
239	1.25773668329
239	0.859231194127
226	0.688063175915
235	1.34016680459
224	1.15175669653
222	1.17175696411
241	1.54091630496
235	0.857660496245
221	1.22061795927
254	0.995176289708
232	1.21746098796
249	0.911754609003
254	1.29878000461
240	1.21138547121
240	0.788886696507
204	0.817278717784
227	1.17415168229
236	2.09077939326
225	0.617964753191
223	0.831998029907
236	0.92847562077
242	1.80525030572
255	0.261728706081
222	0.908191951729
233	1.37540158939
255	2.37872551455
241	1.1607462846
250	0.960189807626
241	1.21266212661
228	1.28317085514
205	1.03412924666
237	0.839043483754
237	0.929228901638
226	1.0920536539
224	1.18217054782
243	0.751659110122
223	1.48879629802
242	1.42573098009
234	1.55749164178
251	0.639593218438
238	1.33596143264
229	0.799889381413
238	1.70620867055
206	1.19500897673
242	0.919156407664
227	1.05828905001
225	1.275111099
244	1.75048990216
243	1.48344892429
235	1.04899396321
224	1.47210546565
239	0.860909470164
252	0.77583861033
230	1.01553794323
243	1.08364106302
207	1.35826168608
228	1.25499150569
226	1.0092581868
239	2.77201312548
245	0.932905929391
244	1.5895028371
240	1.21411972533
236	1.22769402337
225	1.22190249195
253	0.708638042552
231	1.03069622224
244	0.792681639394
229	0.588932077347
227	0.900582061301
208	1.22309864244
245	1.26310653961
240	1.29417262474
246	1.10840037621
241	1.0238422397
237	0.662419597253
254	0.577091727636
232	0.885219900159
226	1.03005933666
230	1.11925308112
245	0.755835810548
228	0.833741650235
246	1.0326836988
209	1.18685871762
242	2.02654215349
247	1.20351075454
241	0.674776960395
238	0.85104342975
255	2.08860396176
233	1.0306821281
227	1.08669242477
243	1.85530776691
247	0.954691779536
231	1.02522605624
246	1.69566861651
229	0.85591028246
210	0.918225266888
248	1.19365266793
242	1.32919632629
239	1.42573039552
234	1.43178501203
244	1.04730213712
248	0.952794998938
228	0.766263875007
230	0.810425570646
232	0.782822931279
247	1.08202460176
211	0.49790737153
249	1.03606205655
240	1.32439675045
243	0.921009397619
245	1.64514999966
235	1.52710328047
249	1.41993279322
231	0.588160568791
248	0.802049180386
233	0.837817401353
229	0.77596858665
250	1.43521895121
212	1.27481673799
246	0.626634490057
241	1.54383389943
250	0.98303502309
244	1.17281283769
236	0.806402052803
232	0.69860001423
249	1.19812475587
234	0.638275584302
230	1.08029488568
247	0.585971573942
213	0.906705319321
251	0.651374596887
242	1.49437388107
251	0.711946040336
245	0.544306169963
237	0.853046574005
233	0.967622331805
250	0.468511834916
235	0.681864391144
248	1.1339614479
231	1.03867935637
214	1.31233607526
243	0.960557510869
252	1.02454556804
252	1.11445818365
246	1.2304337298
238	1.35377215614
234	0.949128735805
251	1.00350953279
249	1.46045455325
236	0.803949484536
232	0.965258745941
253	0.635392397971
244	0.729319908273
215	1.22981867876
247	0.476681547601
253	1.36219890211
239	1.01450073241
235	0.996750737175
250	1.9821519715
252	1.16609250806
237	1.2593521671
254	0.483939991913
233	0.95502842702
245	0.962261425329
248	0.523305592919
216	0.921648859468
240	1.28358621266
236	0.878983677165
251	1.00591152282
254	1.19186293121
253	0.88407509855
238	0.93057310585
255	0.745501255388
234	1.29668132079
246	0.8434563908
249	1.89912057987
217	1.11638339384
252	0.912542283444
241	0.962062298316
237	0.968829554939
255	1.73627833648
254	1.36280526617
239	0.759565263965
247	1.05663891525
250	0.664570244551
253	1.25604239592
235	1.42415841879
242	1.29902586617
238	0.758745199456
218	0.671277368344
255	0.957906114865
240	1.06294154014
254	1.64018254981
248	1.05410961431
251	3.1257325042
236	1.49506367321
243	0.919902647017
239	0.58873256394
219	1.04227266089
241	1.61995646595
255	0.837318715295
249	0.607311145766
252	1.68698427289
240	0.563902837639
244	1.42742563675
237	1.4772865747
220	0.763102724052
242	0.830354705722
250	0.641075822817
253	3.95085917312
241	0.830836628763
245	1.05840659531
238	1.13620779765
221	0.782322315428
243	0.683744921746
251	0.967680312717
254	1.93595736319
242	0.879519546967
246	1.98133893156
239	1.05916043382
222	1.43806413074
252	1.02416929132
244	1.16546631182
243	0.724704723745
255	1.74718615717
247	0.987967782275
240	0.897347201725
223	1.17599892539
253	0.843870048465
245	0.915009147144
244	0.836807106256
248	0.9780939624
241	0.91883169528
254	1.31182200641
246	1.22452113707
224	1.11255209093
245	0.927395497098
249	0.958058971876
242	0.955367467097
247	1.17786727724
255	0.752524690768
246	1.09988856861
225	1.24522269596
250	1.03133475976
243	1.18622053629
248	0.529701849155
247	1.14016033056
226	0.648932500108
251	0.423790380081
244	1.05447438305
249	0.993233759704
248	0.729430916736
227	1.05486228169
252	0.859989373534
250	0.804736043653
245	0.760116054352
249	0.78027241621
228	0.746754905796
253	0.71224946034
251	1.28556321521
250	1.14746650721
246	0.816489597117
229	1.22402521868
254	0.515384896079
252	2.21714201352
251	0.713095872484
247	1.26038703694
230	0.908002012387
255	0.636385707044
253	1.05043057382
252	1.0832161584
248	1.00414642501
231	0.924319409804
253	1.00767442195
254	3.41081602146
249	0.620462797238
232	1.72686357994
255	2.19989212771
254	1.80783558386
250	0.842320843142
233	2.32071695402
255	0.491612172624
251	0.668512726022
234	1.96148171074
252	0.871742496645
235	1.12060669575
253	0.594545290305
236	0.33100206238
254	1.02996476821
237	1.67776936779
238	1.45851609496
255	0.313854749375
239	1.10149765454
240	0.865999968353
241	1.15031570491
242	1.1355083298
243	2.42011340153
244	0.50964503379
245	1.32150070938
246	1.38858053466
247	0.635499611634
248	2.04929579603
249	1.99385050838
250	1.0441100586
251	1.7525549466
252	0.780562668757
253	2.77416781786
254	2.5992767572
255	0.540613407965
