8	0.622008837962
11	1.1318316072
2	0.821394570343
5	1.94603568208
12	1.11786245159
3	1.209361783
1	1.98031039523
7	0.884339426761
4	0.494582878594
9	0.934569830875
8	0.513082421549
2	0.719982257096
12	1.04559544693
10	0.928135116832
1	0.0389135706283
12	0.58003657051
3	1.2112415327
9	1.23512591613
13	1.18370335043
6	0.362279379307
1	2.30929515777
4	1.10231971242
2	2.74386871266
5	1.0875038991
8	1.35660471675
9	1.34545496051
10	0.64030713442
11	1.26042234602
13	1.41429179431
3	1.10203730177
13	0.893382060343
2	0.655341664582
7	1.5851762677
14	0.948227173314
4	0.740073081868
10	1.44583409895
2	0.461841810155
5	0.968988921732
6	1.31846006968
3	0.621256332547
10	1.78455676021
9	1.78340822921
11	0.850567224769
12	0.905135971069
14	1.52313347305
14	0.931782845221
4	1.30837062398
3	0.614545373046
8	1.02510554075
15	1.04410813176
6	0.666045236196
5	0.848658499811
3	0.630646012524
7	1.26856486413
4	1.82635970123
11	1.45203365155
11	1.01440262668
13	0.99954131028
10	0.819706561988
15	0.850263632339
12	1.68113616333
15	1.31027579968
5	0.968189268207
9	0.853916551963
16	1.1552400538
4	1.35069336975
7	0.963467666484
4	1.47607360885
8	1.09495147671
5	0.666580295884
6	1.00948157077
12	1.77734207564
12	1.72416946241
14	1.06379650423
11	0.960735898734
16	1.17185222545
13	1.08781802589
16	0.970991566098
6	0.802774584742
10	0.695165405202
17	1.00597206516
5	1.55812043041
8	1.29967147451
9	2.05055866985
5	1.57042006302
6	1.29253777422
7	0.993857264516
13	1.28904635352
13	1.33365881785
12	0.710769879536
17	0.542534431766
15	0.922152029896
14	0.818121814315
17	0.907211371453
7	1.2023000121
11	1.71208333268
18	0.95869774909
10	2.16045822375
6	2.15252398801
6	1.16667725388
9	1.05507727313
8	0.425416103904
7	0.484376247374
14	1.14438956583
14	0.743024096198
18	1.36320130374
13	1.2487865603
16	0.890583227562
12	0.807802810438
19	0.94423131349
15	1.50965741523
18	0.943219334336
11	1.59919168747
7	1.9442494462
8	1.05364592946
7	0.728999849108
9	0.56554213284
10	1.00241535047
8	1.0414457592
19	1.41355838529
15	0.720178350186
14	1.08769727664
15	1.02354955989
13	0.830418085866
20	1.00061705605
12	1.23295955065
17	0.925314530566
8	0.843832860969
19	0.971494505389
16	1.21646046561
9	1.14721046004
8	0.932749078588
10	1.24077958893
20	1.25370973599
11	0.879312190848
15	1.06467055407
9	0.808244841266
16	1.00888799312
16	0.969647893975
14	1.37782486299
13	0.763596143299
21	1.0432332712
9	1.22709003383
18	1.03601816655
20	1.07457133725
17	0.887190692335
10	1.31175915983
9	0.855266705332
11	1.39021744156
21	1.10669206851
12	0.890958673968
16	1.12115158062
10	0.878953007214
17	1.05589639702
17	1.30544425486
15	0.614989089059
14	1.83617520019
22	0.976705756778
10	0.753433183475
19	1.2393869336
21	1.11187636013
18	0.76639177221
11	1.20759862026
10	1.1167017457
12	1.04265761543
22	1.07435440039
13	1.06277468319
17	1.07044980624
11	0.921370461843
18	0.798548896612
18	1.29757968323
16	2.27235632296
15	2.25015778744
23	1.09514705659
11	1.02147397634
20	0.95227199732
22	1.16141575128
19	1.15877739065
12	0.893236734355
11	0.928997682068
13	1.3194390993
23	0.902452784099
14	1.25478827682
18	0.9821950933
12	1.08840922759
19	0.927223639895
19	0.883625463109
17	0.728245038888
16	1.46965526594
24	0.925855601241
12	1.03188634757
21	1.09782282326
23	0.831559825049
20	1.66370528248
13	0.819874683517
12	1.11832379314
14	1.48115100324
24	0.892120569417
15	0.954618303411
19	0.797060386509
13	1.07775464601
20	0.697332430488
20	0.860735589257
18	1.00868621216
17	1.0809749985
25	0.98781456982
13	0.726503099176
22	1.09899707339
24	0.969781755792
21	0.53847384804
14	1.07423359115
13	0.659843206678
15	0.845319540246
25	0.931867982607
16	0.995037976602
20	1.32237280888
14	0.738233277091
21	1.09828833003
21	1.28116164177
19	1.24379486436
18	1.46655499987
26	0.912360142116
14	1.34422923239
23	0.968229547696
25	1.31133602806
22	1.14849634383
15	1.02712279425
14	1.19986620436
16	0.980849621869
26	0.977938964254
17	1.06994541406
21	1.23723637859
22	1.23613028732
15	0.945904301849
22	1.1256515028
20	1.25581720909
19	0.793852346036
15	0.937838733556
27	0.877745909229
24	0.936992439563
26	1.0328106431
23	0.536394287147
16	0.956550478607
15	0.862704407112
17	1.02411774007
27	0.939820709817
18	0.960960277482
22	0.824823863696
23	1.24061857318
16	1.16717965627
23	0.812981838932
21	1.42767362061
20	0.883702755332
16	0.796088619841
28	0.870662168422
25	0.997100511864
27	1.11870008598
24	0.901338542444
17	0.937172897394
16	0.643229275481
18	0.961539929751
19	1.14777033892
28	1.29580759428
23	1.4305295179
24	1.01915561436
17	0.867363711149
24	0.946468926289
22	1.68174110935
21	1.45557649475
17	0.784551382426
29	0.920217934861
26	1.2512621942
28	1.01853649422
18	0.667227807708
25	0.805255454266
17	0.822719913706
19	1.12238827669
20	1.07003576406
29	1.01193881613
24	1.29658534771
25	1.20502615867
23	0.868020225052
22	0.951204057999
18	0.887569332889
25	1.00570011344
18	1.20284143387
30	1.20496489328
27	0.842970451788
29	0.991635555724
19	0.80382787235
18	0.840064664918
26	0.982063834839
20	1.21391456516
21	1.17485239903
30	1.12780009237
25	0.856485845625
26	0.843108229104
24	0.974492588599
19	1.10406456456
23	1.06690449365
26	1.11748125657
19	0.910666981236
31	1.17005224133
28	0.84196346871
20	1.11736376007
27	0.942397238241
30	1.09453475404
22	1.31068345201
19	0.827890704352
21	1.78313618674
31	1.07787180891
27	0.979195423994
27	1.31183970362
20	1.25218626052
26	1.28686096928
25	0.784924268855
24	0.858780553318
20	1.10725544767
32	0.935070978604
29	0.931068152312
21	0.926382170955
28	1.17645992847
23	0.885164824516
31	1.10980348942
20	0.725343085236
22	1.17899571141
32	0.920832457404
28	0.727253206404
28	0.735591269426
21	1.43789496624
27	1.03793511171
26	1.18368513771
25	1.05676225651
21	1.06969701749
33	0.930889173186
30	0.919436196793
22	1.20074153222
29	1.03000598199
24	0.928637625577
32	1.02587425223
21	0.800258893389
23	1.00162061986
33	0.813704258438
29	1.43088934356
29	0.73362987055
22	1.08613894747
28	0.998464229234
26	0.912842067681
27	1.02135735805
22	1.00935628982
34	0.968205322272
31	0.933903065157
23	1.09345974326
30	0.832824553532
25	0.815688853752
33	0.918475151978
22	1.1094352166
30	0.826143651427
34	1.13103807129
24	1.20803875512
30	0.941429891251
23	1.22641639432
29	1.05678685441
27	1.1628737065
28	1.17899946708
23	0.939350659686
35	0.980393391874
32	0.944803469961
24	0.84700979396
31	0.87341389784
26	1.01371025471
34	0.994708846338
23	1.17171990088
31	0.917367520046
35	1.11868795463
25	1.07238368337
31	1.27048567849
24	0.800753498993
30	0.878238725833
28	0.861894858299
29	1.0218569661
24	1.16067755631
33	1.1806858748
36	0.889785886338
25	0.933059631066
27	1.09333699906
32	0.804056592394
35	0.687967464182
24	0.837347018266
32	0.932716560136
36	1.12219539823
26	1.59337542137
32	1.04927361009
25	0.957024607117
31	1.54360549165
29	1.17326117355
30	1.27814025006
25	0.970557976702
34	0.960937598368
37	0.887469830778
26	0.891093613709
28	0.944481844569
33	0.933423146191
36	0.984485136239
25	1.01254030423
33	1.54727577263
37	1.08359289583
27	0.879495926638
33	0.909839451476
30	0.856317825008
26	1.31287209417
32	1.1894990991
31	0.901867894304
26	0.983360489072
35	0.859809689151
38	0.964053592002
27	0.835185154892
29	1.05469604354
34	0.815832869959
37	0.966588888701
34	0.693754344927
26	0.991909166794
38	0.848963898699
28	1.35255260944
34	1.09730527347
31	1.02906632552
33	1.08199150186
27	0.877656564486
32	1.00964723335
27	0.903572609375
36	1.10236947557
39	0.96978937185
28	0.933164654965
30	1.12671008733
35	0.762294303057
38	1.02887177053
35	1.0012971686
27	1.08181905264
39	1.19461785689
29	0.852881288567
35	0.8345574236
32	1.22277238379
34	1.13197297748
28	0.928255894553
33	1.10134149922
28	0.897775113436
37	0.855666568822
40	0.878329041807
31	0.994711716501
29	0.805142848764
36	1.25429179046
39	1.50511414395
36	1.13540731669
28	1.16249794984
40	0.871015012566
30	0.933509521739
36	0.678938265449
33	0.937092873948
34	0.939093933927
35	1.04326407891
29	0.909876408124
29	1.09281438805
38	1.0741608841
41	0.877940363133
32	1.1069035903
30	1.09629678632
40	1.55999223151
37	1.21889178414
37	0.86329716538
29	0.886778429532
41	1.10648866287
31	0.772071100953
37	0.880591300165
34	1.14247866453
35	0.68186668145
36	0.92230152155
30	1.23395340002
30	0.85203103646
39	1.22865431664
42	0.898568524048
33	0.823306103306
31	1.13501697074
41	0.964390613317
38	1.21755839352
38	0.802975471746
30	1.33688065208
42	0.964934540752
32	0.804664375323
35	0.828708866809
38	1.1839336473
36	1.00695273497
37	0.966308090913
31	1.08827663396
31	0.982432933197
40	0.985990533027
43	0.973915714856
34	1.0261682681
32	1.12700490475
42	0.947192266066
39	0.980352682225
39	1.0375427514
31	0.989241715484
43	1.08864360307
33	0.886722466316
36	1.03736087398
39	0.914400953574
37	0.753804992422
38	0.940690981597
32	1.03554012938
32	0.949860665116
41	1.19634549701
44	1.05134811073
35	0.905408869448
33	0.806916970678
43	0.927412999021
40	0.899889390269
40	1.02635101411
32	0.91996721556
44	0.890758415166
34	0.921397393357
37	0.855755056801
40	1.34476363877
38	0.898451519608
39	0.736537915978
33	1.20188225822
33	0.979301953729
42	1.00661775135
45	0.810072141869
36	0.811236905669
34	1.01608366826
44	1.07699461142
41	0.803446814692
41	0.953253739969
45	0.910463606945
33	1.21033358741
38	0.884597416047
35	1.05072156337
41	0.987946863193
39	0.958079478762
40	0.87989350252
34	1.06671018262
34	0.889883974199
43	1.11165450637
46	0.904846490365
37	1.50405826284
35	0.966864771369
45	1.12113864595
42	1.12629792879
42	1.33665414426
46	1.02372822411
34	1.03437823443
39	0.81923493934
36	1.17930784434
42	1.04781634057
40	0.863293271461
41	0.878552992521
35	1.47090233265
35	1.09868743791
44	0.8648555929
47	0.909980025794
38	1.32338501618
46	1.09812514075
36	1.08881279911
43	1.10253723383
43	1.07319791163
47	0.934535051369
35	0.932151603975
40	0.972002814577
37	0.97717199373
43	1.05212864853
41	1.18624515817
42	1.05624069912
36	0.957628348134
36	0.981397314536
45	0.963796308938
48	1.05845213389
39	1.07131773869
47	1.09715932083
37	0.932746060788
44	1.0364669233
44	1.06221110563
48	1.03245034336
36	1.23022337345
41	1.05498445738
38	1.09700991094
44	0.87877495399
42	1.07486750677
43	1.01269185183
37	1.01558162742
37	1.16200863426
46	1.03914214766
49	0.923108950534
40	1.15213113589
48	1.0795738191
45	1.10132896307
38	0.978128348136
45	0.906879607212
49	0.787051310063
42	0.960114732954
37	1.02197834161
45	1.17192791637
39	1.09492257187
43	1.22559322236
44	0.782693899906
38	0.952654767042
38	1.30709298709
47	0.917268398946
50	0.929182365851
41	0.897498831628
49	1.08907248937
46	1.29629501402
39	0.904965972765
46	1.07303561898
50	0.977056707877
43	0.834728146959
38	0.932810669768
46	1.02418643101
40	0.834375575316
44	1.04565902139
45	1.10763874458
39	1.13370273971
39	1.04731314638
48	1.01932925058
51	1.1230678048
42	1.09059974008
47	1.12942716815
50	1.11317614055
40	1.11712198182
47	1.38495955251
44	0.850115240659
51	0.857770046256
39	0.954212209134
47	1.19295353553
41	0.940570547501
45	0.799838060704
46	0.968647255399
40	0.981095909147
40	0.923746379353
49	1.08860394609
52	0.939457067106
43	1.12767705453
48	1.20736139764
51	0.834842163775
41	0.769190540019
48	0.861627459566
45	1.19552431389
52	0.926351068498
40	1.00755749175
48	1.01266756534
42	0.92055701131
46	0.927102561514
47	1.25146798785
41	1.09471655392
41	0.805250824991
50	1.04263038586
53	1.03924758126
44	0.936212596123
49	1.19085700224
52	0.999590573932
42	0.959730162942
49	0.86661401891
46	1.00170152575
53	1.04635547443
41	0.977659775578
49	0.933023579752
47	1.05228117411
43	0.90224790508
48	0.768331873747
42	0.926647949474
42	0.914585987192
51	1.03638516289
54	1.13399753456
45	1.21634045808
50	0.965627010812
53	0.987638641303
43	0.965699313368
50	1.00767035997
47	0.848030990915
54	0.938499655404
42	1.05419042108
50	1.09053314747
48	1.07876972061
44	0.996310696371
49	0.978028261907
43	0.927798205082
43	0.907679974719
52	0.979666837952
46	1.13810734345
55	1.02674644602
51	0.989212765625
54	0.995430705962
44	0.895573160355
48	1.01886082983
51	1.07506312472
55	0.860822384086
43	0.974945781579
51	0.949929745363
49	0.944952387632
45	0.768172462678
50	1.00087854108
44	0.860602127781
44	0.940043621264
53	1.01375003642
47	0.976397043649
56	0.989286799032
52	1.02025528677
55	0.834360792513
45	0.936362677857
49	1.13297573084
52	0.825162595037
56	0.909925218891
44	1.17541227514
52	0.948653632363
50	0.928567110705
46	0.852323144153
51	1.0219504854
45	0.903773647461
45	1.0240128313
54	1.03198105982
48	1.06913560824
57	1.09582617589
53	0.915464562668
56	0.952173246619
46	1.03161715001
50	0.873637393031
53	0.845160408589
57	1.11295789859
45	0.934508186387
53	0.982991835396
51	0.870348274892
47	1.11709506943
52	1.00402158513
46	0.891485243477
46	1.00790002446
55	0.978347077992
49	1.05655884361
54	1.28113556816
58	1.04644837399
57	1.01309250343
47	0.928695016356
51	0.919880888912
54	1.02840724807
58	0.823760162838
46	1.40326321877
54	1.07715345662
52	1.05181264931
48	0.998563861655
53	1.2731923231
47	1.09027519916
47	1.04021315681
56	1.01805783564
50	0.896902551625
55	1.21545441046
59	0.836169104166
58	0.883901626834
48	0.895746425564
52	1.06829284933
55	1.14106916283
59	0.885031217464
47	0.976978063416
55	1.04756326264
53	0.781623179133
49	1.00330946065
54	0.805922165589
48	0.979786648919
48	1.06815480418
57	1.13264933282
51	0.908057790627
56	1.01449245964
60	1.05895784754
59	1.21540606839
53	0.986199281119
49	1.16236426489
56	0.991990488693
60	0.920724558846
48	0.973932730567
56	1.11592123946
54	0.987878052721
50	0.820418930874
55	0.900145481258
49	1.10597383254
49	0.874963566076
58	1.18714163408
52	0.844303201964
57	0.969209399653
61	1.01963861754
60	1.04005559615
54	1.03332010428
50	1.01117936771
61	0.832751142363
57	0.972469178596
49	1.20418211086
57	1.01218083587
55	0.924752009148
51	1.07363135556
56	0.984690425418
50	1.0513490823
50	0.867915544558
59	0.963435222414
53	0.950352575523
58	0.99643650591
62	0.987686665321
61	0.928097817896
55	1.03292474882
51	0.877809273244
62	1.22724990997
58	1.19120949386
50	1.13028983971
58	0.775731184907
56	0.881425848925
52	0.936587757056
57	1.02265655813
51	0.791044387154
51	0.9841728427
54	1.02644483889
60	1.118179705
59	0.784565514811
63	0.913568384502
62	0.946821561771
56	0.924806627607
52	0.964075174656
63	1.10495350303
59	0.801401359132
57	0.916535238543
59	0.983160491609
51	0.858353910572
53	1.02430269896
58	1.065280609
52	0.855569929785
52	1.16787940511
60	0.992958887391
55	1.12156871338
61	1.07748389511
64	0.920158041477
63	0.945946957425
57	1.0230545359
53	1.00268968857
64	0.902442659549
60	0.88104233945
58	0.784451646723
60	1.08255007673
52	0.86440956248
54	1.16994444311
59	1.16472912373
53	1.13808542857
53	1.05087717079
61	1.07884855078
56	0.888983789847
62	0.875609911166
64	0.971169565858
65	0.877934735198
58	1.01963478475
54	0.916717426066
65	1.03448840068
61	1.08254770021
59	0.869491054281
61	1.00541983253
53	0.885846767832
55	1.0950742427
60	1.04728543661
54	1.09296483726
54	1.06457636023
62	0.839963778675
57	1.03176384661
63	0.977719668987
59	1.0099065157
65	0.99871698191
66	0.950949292608
55	0.872002329195
66	1.02012516516
62	1.05649364434
60	1.2132948212
62	0.918876886741
54	1.05368275862
56	1.18365041261
61	1.04630613308
55	1.07356759819
55	0.825703901647
63	0.80738335071
58	0.945884712603
64	1.11025821339
60	0.979790312146
66	1.00387307193
67	1.02061974557
56	0.979156151842
67	1.11445118174
63	0.817990188387
61	1.27509066617
63	1.02420360854
55	1.21587960587
57	1.0993235256
62	1.18963664259
56	0.999759792961
56	0.993347685182
64	0.869019187214
59	1.01345096639
65	1.04020425355
61	0.992394490583
67	0.909684062211
68	1.10901367769
57	0.982794411653
68	1.00211060611
64	1.09712754839
62	0.903904974237
64	1.01568135239
56	0.977119227701
58	0.885578882986
63	0.761981390842
57	0.823630140049
57	1.00513339135
65	0.969762023043
60	1.03954218231
66	1.01602850703
62	1.19100291506
68	0.982983270706
69	1.12582814696
58	0.841278765462
69	1.04285044212
65	1.57288265994
63	1.13333236846
65	0.925383908896
57	0.928335613721
59	1.10575072319
64	0.915311558093
58	0.962799843826
58	1.04735033601
66	1.07381658694
61	1.05515813327
67	1.04495094694
63	1.12519593904
69	0.951540908799
70	1.05675435411
59	0.931215166864
70	1.00329969512
64	0.850682540582
66	0.984422140146
66	1.08433165226
58	0.970277782362
60	1.38896036995
59	0.975067908872
65	1.23165581903
59	0.937156430466
67	0.960761015686
62	0.993236696906
68	1.05005976361
64	1.16636263579
70	0.942755818223
71	1.16093478335
60	0.968102051603
71	0.835351151422
65	1.09241286108
67	0.877545988375
67	1.16272999831
59	0.920030921632
61	1.19262893062
60	1.20079934955
66	0.857495594589
60	1.09303629144
68	0.99651799711
63	0.941338996447
65	0.870908262064
69	0.912045746972
71	0.980826539159
72	0.926592072625
61	1.22688947422
72	0.958085134761
66	0.93340925616
68	1.05992198955
68	0.914951502458
60	0.948695680738
62	0.824117353825
61	1.10603679462
67	1.02335869923
61	1.03947488265
69	1.02056625974
64	0.89174712797
66	0.815836740772
70	1.03747163827
72	0.915607016221
73	1.1480770445
62	1.03613857996
73	0.988641664452
67	1.16689348155
69	0.986632632717
69	1.00637461456
61	1.27933617477
63	1.24231161319
62	1.17015847951
68	1.00011313753
62	0.95367043971
70	0.968297492847
65	1.06697624138
67	1.07283026064
71	0.929157382643
73	1.13744246466
74	1.04424126369
63	0.95873230438
74	0.973776367889
68	1.0618653914
70	1.09493076298
70	1.00303555061
62	0.938807267498
64	0.966476694386
63	1.00615967054
69	0.984165612439
63	0.998201501505
71	0.934226031367
66	1.13553644754
68	1.05271470483
72	0.934937392997
74	1.10872087224
75	1.13088947668
64	0.941322985638
75	0.98568995721
69	1.06999568097
71	0.957445431166
71	0.860717100774
63	1.16404521323
65	1.03768824936
64	1.11822895093
70	0.900751134306
64	0.991339920174
72	0.953415189413
67	0.817577349163
69	0.990603413666
73	0.860037776058
75	1.02050484756
76	1.04618416374
65	0.813087104471
76	0.942191580954
70	1.03658705295
72	1.00008595704
72	0.952672364066
64	1.06738470678
66	0.861288880366
65	0.94877990548
71	1.12945583721
65	0.984779342285
73	0.97060579562
68	0.913548663004
70	1.19511108752
74	1.15008461078
76	1.14341807998
77	1.03461219832
66	0.920632953114
71	1.15285386067
77	0.827437480072
73	1.07805252871
73	1.04163578085
65	1.09496585213
67	1.01560738501
66	0.9907168292
72	0.905531054889
74	0.949413659194
66	0.875335729172
69	1.06409023359
71	1.13340338085
75	1.1756559312
77	1.0825847676
78	0.900872697227
67	0.783456542006
72	1.13687907402
78	0.922497499347
74	1.12620208519
74	1.10695923171
66	0.93497503886
68	0.895335259071
67	1.03349966323
73	1.07412405523
75	0.886348173163
67	0.989195077913
70	0.840626163918
72	0.952935381514
76	0.999322919562
78	0.932503819292
79	0.997723932028
68	0.757453271425
73	0.90432024246
79	0.91254684593
75	0.977625105858
75	0.875479099769
67	0.928855736172
69	0.887667125589
68	1.16949143095
74	1.11324322863
76	0.834353679175
68	1.04325618432
71	0.994310197478
73	0.890917633587
77	1.11069195902
79	1.12041700736
80	1.03395312702
69	0.842193649773
74	1.1107665825
80	1.07329108275
76	0.811216793915
76	1.02404423364
68	0.885161586214
70	1.01991959244
69	1.0686722666
75	0.909669353658
77	0.842218871595
69	0.945552512878
72	1.10473529392
74	1.02391490543
78	1.01687946943
80	0.997059045623
70	0.852823947552
81	1.00163361461
75	1.15149911202
81	1.03320496142
77	1.00875724435
77	1.01494122454
69	0.931293606052
71	0.827769184727
70	1.03295212402
76	1.12149942351
78	0.948542482214
70	0.864601586321
73	1.01381168544
75	1.05794387319
79	1.1003154109
81	0.837880640702
71	0.941247745406
82	0.924214777196
76	0.863980828847
82	0.991637291939
78	1.00581927608
78	1.19441901007
70	1.03446987521
72	1.07010552555
71	1.08030458261
77	0.931149092987
79	1.14330587992
74	0.859740137699
76	1.00217965393
71	0.984107105926
80	0.934045913557
82	0.981901491416
72	0.992930555983
83	1.0405294596
77	0.971696292187
83	1.04155769892
79	1.02609510205
79	0.887199532628
71	0.978072108056
73	1.25095443419
72	1.09836611081
80	1.09245597866
78	1.10795674966
77	0.951758897502
75	1.03493772855
72	1.12932300119
81	0.796952579957
83	1.08867711066
73	0.967589026857
78	0.772902184979
84	1.05814709162
84	0.969550637183
80	1.15394565811
80	0.831694791772
72	1.00997280807
74	0.930522262539
73	0.950772297943
81	1.27307268703
79	1.02771094838
78	0.848307050181
76	0.969908266965
73	0.991715250944
82	0.943118104514
84	1.06058751358
74	1.01285333109
79	1.02549657335
85	1.07439910974
85	1.11994732937
81	1.02174779611
81	1.02811863422
73	0.941354720647
75	0.775578254526
74	0.965397997904
82	1.17246519207
80	0.834643061558
79	1.09311679291
77	0.932179940666
74	0.915908402004
83	1.02349180118
85	1.0592803552
75	1.11369487092
80	0.998271466015
86	0.969994016188
86	1.00916209996
82	1.14273023514
82	0.997057789787
74	0.979766136055
76	1.0018982576
75	1.04209529082
83	1.14722751667
81	0.989301843013
80	0.902247131985
78	0.881818463744
75	0.880240761008
84	1.03310886693
86	0.919188908129
76	1.09728475612
81	0.777373645626
87	0.937289755086
87	0.968911663285
83	1.08463087701
83	1.05681115956
75	0.962053076303
77	1.14768253152
76	0.935633102382
84	1.05865676224
81	1.26847302413
82	1.00636115468
79	0.999705503788
76	1.14935979776
85	0.944044311581
87	0.982492938644
77	0.891881449108
82	1.01577433739
88	0.949994556911
88	1.13960858451
84	0.875795029856
84	0.83345911455
76	1.11788288389
78	0.825262714698
77	0.905110689782
85	1.07856446658
82	1.16361853028
83	0.986578024028
80	1.03938576367
77	0.909727400297
88	0.95873141682
86	1.05220461818
83	1.02482192116
78	1.00078455857
89	0.993469036706
89	1.01210422317
85	0.892609480214
85	0.926367277088
77	1.13648485174
79	0.924715930556
78	0.974294809631
86	1.05902086871
83	0.995785771035
84	0.861636736362
81	0.993778831565
78	0.91000025659
89	1.03294171696
87	1.01661091403
84	1.11949676176
79	1.22952822467
90	1.02800182409
90	1.03791301014
86	1.06702898214
86	0.878550735873
78	0.972414565085
80	0.877744586203
79	0.944957146308
87	1.24750089711
84	1.19880674616
82	0.989154820999
85	0.93367551219
79	1.1035146769
90	0.890284399232
88	1.12184817698
85	1.06353481427
80	0.961902819181
91	0.828298373987
91	0.862954107577
87	1.10151768789
87	1.0257503501
79	1.05410529613
80	1.00680819803
81	0.921717793015
88	1.04822710775
85	0.985144510637
83	0.921707429988
86	1.07750243542
80	1.16411336035
91	1.02607939448
89	0.973377091453
86	0.983808809692
81	0.912748844456
92	1.01314631749
92	0.962416849902
88	0.877323103684
88	1.14347863317
80	1.14213074432
81	0.963851672703
82	0.904850601921
89	1.11376522826
86	0.946311141374
84	1.02692473336
87	1.04331594262
81	1.08796101506
92	0.913602938161
90	0.920251777305
87	0.869545734534
82	1.13879194211
93	1.06638062398
93	1.0888412371
89	1.05769860976
89	1.43516210764
81	1.06612350924
82	1.10074548551
83	0.885550912804
90	1.083642774
87	0.975742290296
85	0.877939043198
88	1.16360693606
82	1.07556636185
93	1.07371387433
91	0.968281243149
88	0.945994487362
83	0.956343731154
94	1.04161535836
90	1.0663073149
94	0.993367676968
82	1.27486067223
90	1.01759582444
83	0.99280646749
84	0.910082139245
91	1.02541146472
88	0.961721517361
86	1.0442237645
89	0.955821803353
83	1.07465797085
94	1.10448348504
92	0.958180052408
89	1.26834205363
84	0.991991318547
95	1.00504260937
91	1.08416632235
95	0.994503796251
83	1.02245259458
91	1.30199993402
84	0.859940507927
92	1.08306553903
85	0.873836676099
89	0.986720636606
87	0.959324117528
90	0.950383045253
84	0.916830343737
95	0.90690451119
93	0.922385863539
90	0.901143618712
85	1.18128703532
96	0.927565655052
92	0.974838700317
96	0.940392280552
84	1.18764616221
92	1.06388590658
85	1.02060449813
93	1.32345845976
86	0.887882577024
90	0.932212170956
88	1.04930704584
91	0.871335918663
85	1.07820217414
96	1.00961067575
94	0.910687110704
91	0.915522456853
86	1.22574294015
97	0.995536069994
93	0.961125719782
97	0.879596299646
85	0.806186431731
93	0.860896591287
86	0.962704820215
94	0.917673979789
87	1.14736580232
91	1.00888272024
89	1.00104709902
92	1.02817389167
86	1.02874827801
97	1.07751583962
95	0.918566060579
92	0.908865411959
87	1.09461490896
98	1.01194684701
94	1.04555313651
98	0.879482537332
86	0.908635083993
94	0.930544856196
87	0.887897839301
95	1.09267960856
92	0.954758849624
88	1.25328071909
90	1.09647230222
93	1.19577960498
87	1.02267330959
98	0.943529764249
96	0.998692316344
93	0.945692405586
88	0.963444024982
99	0.894483643231
95	1.05639729935
99	1.11160316489
87	0.950898623821
95	0.997728844379
96	1.05976282345
88	0.999600409273
93	1.02640318989
89	0.942376269225
91	0.927290021906
94	1.09910530992
88	0.96908265153
99	1.07178750385
97	0.970323244623
94	0.951077013841
89	0.94791383397
100	0.921517390021
96	0.935017041302
100	1.02327243625
88	1.02940673052
96	0.932637443966
97	1.20474480026
89	0.996294190019
94	0.979280234791
90	1.01178941871
92	1.16446893353
95	1.08540225913
89	0.829656641129
100	1.11603325822
98	0.916104992866
95	0.980573711435
90	0.964620031736
101	1.07041220052
97	0.964274583373
101	0.961301736496
89	0.996632151525
97	0.896415944498
98	1.07273360757
90	1.03611638898
95	0.880322025563
91	0.96346397292
93	0.971253255619
96	1.03461006635
90	1.0758032531
101	1.01032088007
99	1.02491417898
96	1.02081904981
91	1.14801427898
102	1.02879814609
98	0.997499498337
102	0.90801438772
90	0.95824803212
99	1.04210788568
98	1.15595747734
96	0.976497562042
91	0.993819926105
92	0.987006895769
94	0.871314515781
97	0.927865273207
91	1.01976156533
102	1.04266643379
100	0.884304365402
97	0.911076281766
92	1.14734406398
103	1.04563167431
99	0.93310205282
103	1.14781886631
100	0.966002041336
91	1.03734003407
97	1.06380772099
99	0.883296810859
92	1.01807831044
93	1.00725518555
95	0.998432245387
98	1.24143887294
92	1.0446501907
103	1.02304950427
101	0.992465908817
98	0.929270089476
93	1.11360613268
104	1.21120007756
100	0.887244472501
104	0.944177021299
101	1.08094067331
98	1.21249379751
92	1.01943743676
93	0.892409211164
100	1.02593736367
94	1.00715849106
96	1.10824706403
99	0.97506985708
93	1.11059055672
104	0.939098988128
102	1.12778312813
99	0.960814776811
94	0.898548193842
105	1.03009539613
101	1.04191812453
105	0.974284770447
102	1.00941718015
99	0.966195973364
93	1.12330724942
94	0.911400895254
101	0.932593683259
95	0.984826390252
97	1.00793059733
100	1.00552980522
94	0.906729765551
105	1.08260569764
103	1.16238301336
100	0.9241794221
95	0.92235329122
106	0.939809199927
102	0.875585728142
106	0.950945644899
103	1.08780697626
100	0.875633349395
94	1.16327143692
95	1.01697313327
102	0.861088665211
96	1.09309484443
98	0.956270343412
101	0.985038761478
95	0.809256499215
106	1.17565548822
104	1.06772665489
101	0.903036419635
96	0.92308722661
107	0.986760701912
103	1.07766433882
107	1.00997049372
104	1.03531473139
101	1.18114227672
96	0.927252950081
95	1.15779210408
103	0.978981174799
99	1.04167247512
97	1.20104370812
102	0.92764271613
96	0.911862152093
107	1.03371405466
105	0.909707752575
102	0.966010556897
97	0.915046679124
108	1.05319572376
104	1.0732706385
108	0.932874533484
105	1.08591308138
102	1.05702288868
97	0.941126920451
96	1.14572457626
104	1.05303915241
100	1.07507028972
98	1.15549679727
103	0.904177059526
97	1.05209678578
108	1.07056217006
106	1.00742225891
103	0.835293669335
98	1.02985045166
109	1.10112168492
105	1.00287497386
103	0.974396428434
106	1.00630652517
109	1.01678412832
98	0.963370119196
97	0.972770580193
105	1.00671599921
101	0.852112214964
99	1.16500714484
104	1.02577223404
98	0.896436617835
109	1.16212144704
107	0.991727314105
104	0.938317379988
99	1.13562683623
110	1.0433592208
106	0.981266692812
104	1.02824573755
107	0.968292969029
110	1.01956300877
99	1.11336405042
98	0.966219188615
106	0.920797019766
102	0.949338759154
100	0.950949595018
105	1.44709976535
99	0.949115613662
110	0.981504868792
108	1.08572592918
105	1.02945112054
100	0.97343213122
111	0.964031735207
107	1.05040541757
105	1.0370091409
108	0.982345207645
111	0.942304260369
100	1.25332410406
99	0.916035164553
107	1.0432434547
103	0.983059589124
101	0.926426465853
106	1.18584895052
100	1.10480190474
111	0.982617475349
106	0.904316602143
109	0.97821498825
101	0.983165622425
112	0.913570233444
108	1.10256569448
106	0.984097837668
109	1.04988454388
112	1.02902387235
101	0.865323877967
100	1.23320036174
104	0.927029314819
108	1.03175860876
102	1.05199152334
107	0.96233599704
112	0.914952816676
101	0.983156648407
107	0.988005888271
110	0.937510221482
102	0.94890568743
113	0.967871537068
109	0.966959466675
107	0.968367247239
110	1.15590991314
113	0.999284525052
102	1.00052182676
101	1.02059295211
105	0.935237556981
109	0.959593573601
103	0.970621100066
108	1.09250077308
113	0.965833905459
102	0.887685760756
108	0.945532653558
111	0.854052584967
103	1.07768667685
114	0.963543617971
110	1.12144092803
108	0.805904633502
111	1.01479073971
114	0.94572801494
103	1.04774023506
102	0.894083345201
106	0.907409573892
110	0.786186670913
104	0.886765949531
109	1.07323379302
114	0.992049814377
103	0.95231163135
109	0.949968321284
112	0.977120353915
104	1.10561370529
115	0.934669400467
111	0.959986651191
109	1.02177744096
112	0.802333490798
115	1.06181198628
104	0.969382972432
107	0.904879447604
103	0.954761557385
111	1.06643973721
105	0.918868232076
110	1.12597375576
115	0.976550219632
104	1.07592656061
110	1.20698212598
113	0.931093349481
105	1.03354608266
116	0.908252131661
112	1.01161050179
110	0.921672018413
113	0.924382670328
116	1.03300362117
105	0.938698483382
108	1.0040448727
104	0.991522653081
112	1.04012916014
106	0.971488662884
111	1.05196411541
116	1.02227842209
105	0.993891918941
111	0.87465429256
114	0.975381737285
106	1.03489838938
117	0.980630088241
111	1.00574679809
113	0.945763017084
114	1.04373167709
117	1.07992216102
106	1.06433514181
109	0.819499806339
105	1.04872613633
113	1.20113999118
107	0.984184266627
112	0.969587889086
117	0.888467084645
106	0.911928923434
112	0.876212100206
115	0.937709689156
107	1.03169242416
118	1.12686079494
112	1.06758297202
114	0.89761029193
115	1.07493910366
107	1.10058974318
118	0.943008313331
110	0.905088805288
106	1.10807393518
114	1.46585019767
108	1.09123084681
113	1.02048344532
118	1.07555352775
107	1.05624484566
113	1.02732428612
116	0.911050861391
108	1.01807309349
113	0.963777170962
119	1.06018579053
116	0.948561045185
115	1.03411797467
108	1.01491191375
119	0.963044665798
111	0.909754659887
107	1.16731513321
115	1.13355496934
109	1.02266844622
114	0.991902554702
119	1.0387157172
108	0.897742208551
114	1.08276119751
117	1.08999014212
109	1.13951946842
114	0.832471323297
120	1.03902444946
117	0.938568015867
116	0.985207232971
109	0.976550390804
120	0.985935840086
112	0.959458171776
108	1.0657711339
116	0.90582729867
110	1.03171512021
115	0.886827945824
120	1.03654495686
109	0.995437237643
115	1.14044729617
118	0.932451502387
115	0.94778445594
110	1.04592411173
121	1.04950129314
118	0.955752621422
117	1.13621472657
110	0.88080779933
121	0.97150044057
113	1.08666241505
109	1.12004359682
117	0.884783783949
111	1.05473894662
116	0.994768216919
121	1.24118967151
116	1.02416601857
110	0.96131645712
119	0.944595361457
116	0.819419589896
111	1.04144729783
119	1.08848711728
122	1.03799574052
118	1.01891314706
111	0.958282861837
114	1.16956444283
122	0.970992295139
110	1.16765105614
118	1.10176848442
112	1.06022301252
117	1.03122798129
122	1.07489800532
117	1.09754986552
111	1.01130930988
120	1.00577238653
117	0.886170295913
112	1.18922715576
120	0.994858974723
123	1.06300934231
119	0.998498020087
112	0.900579339731
115	1.02683195803
123	0.993443123566
111	1.10103438365
119	0.996960298705
113	0.957260830361
118	1.05974724285
123	0.911338348286
118	1.08922561629
112	1.02038575234
121	1.02626502505
118	0.992746609727
121	0.99444253203
113	1.03721493858
124	1.02771675747
120	1.06986640499
113	0.870251613263
116	0.920199087918
124	1.03189103554
112	1.06698417347
120	0.858539681805
114	0.801216254694
119	1.05282006502
124	0.880304887883
119	0.97343595427
113	1.02820975416
122	0.920148824797
119	0.844252585055
122	0.974079447605
114	0.931761716543
125	1.08394439421
121	0.966251843505
117	0.97253911481
114	1.05253791832
125	0.970948745032
113	0.858741546243
121	0.926634354748
115	1.02955207412
120	1.09993504498
125	1.02392389395
120	0.926207272637
114	1.08672317526
123	1.0389696427
120	1.09827394453
123	1.03225244766
115	1.04642769997
126	0.968239609884
122	0.874361804485
118	0.915842168573
115	1.16975027991
126	1.0056340597
114	0.969896693288
122	1.02154636865
116	1.04969645771
126	1.02944875603
121	1.07624808333
121	0.959571844434
115	0.921560248337
124	1.03710214169
121	1.03717564016
124	1.05393496857
116	1.04493717956
127	0.952814778507
123	0.967476997808
119	0.901196454285
116	1.10194519621
127	0.959074871455
115	1.04044696254
123	0.978546779611
117	0.983708021982
127	0.954014819539
122	0.958307752038
122	0.834594803899
116	1.06754487499
125	1.05465192421
122	1.05793445917
125	1.01593487175
117	0.875206091702
128	0.96045171488
124	1.0063878569
120	0.967120876188
117	0.946055558196
128	0.973610797044
116	0.896592794629
124	0.946088608875
118	1.19666857057
128	0.905790601236
123	1.03470242239
123	0.850270210975
117	1.10700168206
126	1.08331549529
123	0.904674687222
126	1.00441405853
129	1.09775959356
118	1.0515750015
125	0.964755851949
121	0.887178382477
118	0.975289155038
129	1.01990619324
117	0.957058876053
125	0.891150563465
119	0.997362567993
129	0.912646630155
124	0.949572133512
124	0.95719531729
118	1.06561935633
127	1.07966306863
124	0.957381371277
127	1.0414779532
130	1.00718369608
119	0.940930811167
126	0.899899622019
122	1.00721861593
119	0.926735762617
130	0.934046967336
118	1.14216845894
126	0.906998093194
120	1.14991220808
130	1.01824696228
125	0.971502849319
125	0.969155043038
119	1.11976992507
125	0.962363763666
128	1.11264797267
128	0.988433237871
131	0.875134232271
120	0.931543559134
127	1.04547607583
123	0.98712295117
120	1.014723942
131	0.990675791464
119	1.05015156156
127	1.04105703674
121	1.13570665415
131	0.95786690157
126	0.980525091937
126	0.857239826314
126	0.992391002386
120	1.05014432617
129	0.934714643357
129	0.978986828895
132	1.10446899247
121	0.821793238957
128	0.924663514568
124	1.11396621145
121	1.02033421953
132	0.980856669773
120	0.766596634054
128	1.02838829141
122	0.950300739668
132	1.0661966576
127	0.886275246284
127	0.846602038846
127	0.994238918746
121	1.04350314322
130	1.02205318351
130	1.01945861248
133	1.0253466261
122	1.09134187766
129	0.910879346239
125	0.998286876315
122	1.01598732249
133	1.04075489571
121	0.98196393578
129	0.939095729099
123	0.818275774361
133	1.08589834101
128	0.877043361344
128	0.87373989165
128	0.96295458326
122	0.847863978864
131	0.935005589317
131	1.01187580686
134	0.962298715805
123	1.09090023114
130	0.934405453001
126	1.08682731088
123	1.25854522886
134	0.948885988224
122	0.815725765705
130	0.923059606334
124	0.986461250135
134	1.161588925
129	1.101970466
129	0.958668345923
129	0.976092251634
132	1.04578566894
123	0.940266075633
132	1.0904243879
135	0.923355662742
124	0.903898779865
131	1.01785912467
127	1.14882325196
124	1.0963694806
135	0.943129547314
123	0.954522880875
131	1.07618289316
125	1.0486900517
135	1.0650250383
130	0.998906231692
130	0.900934049611
130	1.15494833174
133	1.03470340194
124	0.969419575309
133	0.99542206319
136	1.00785758255
125	1.22954567055
132	0.987533327673
128	1.0506094588
125	1.00025243219
136	1.03575974326
124	0.829321195716
132	0.875135098477
126	1.01927849699
136	1.0659189506
131	1.01296780652
131	1.18078949349
131	0.971720598303
134	0.970287892788
134	1.03818020449
125	1.03104910978
137	1.04271807214
126	1.01231810656
133	1.1478887678
129	1.05020173222
126	1.20434068148
137	1.00951759512
125	0.994454253247
133	1.18007010251
127	1.05325048072
137	1.0542002476
132	1.06171845724
132	1.08861934328
132	0.923305586837
135	1.11459664113
135	1.02489125165
126	0.968237831701
138	1.10156262603
127	1.07680430695
134	1.00988240725
130	1.07139163221
127	1.03395437254
138	1.04334380295
126	0.932133881923
134	0.9666630596
128	0.885604275479
138	1.18749935447
133	1.02196453103
133	0.973498690328
133	0.885071045917
136	0.983314056663
136	0.974056143582
127	1.00796036294
139	0.978217186624
135	0.956541916441
128	0.918107257048
131	0.989692992652
128	0.991440058978
139	0.868435498342
127	0.91174980037
129	1.01802952878
135	0.92748674192
139	0.93065566439
134	1.05016725699
134	0.959878486677
134	1.06069169532
137	0.845949996266
137	1.00501766138
128	0.941863310779
140	0.942815675967
136	0.979804605235
129	1.00521776035
132	1.13475028417
129	0.992807839003
140	0.953413971073
128	1.18728039567
130	1.06010764788
140	0.95476165061
136	0.741196010487
135	0.94345926017
135	0.989581787166
135	0.990270600188
138	0.998035365255
138	1.03253729917
129	1.02836301992
141	1.04340694235
137	1.04874333316
130	0.955128797164
133	1.11474450488
130	0.942702653086
141	0.973846426819
129	0.992047594595
131	1.0531823731
141	1.06585548705
136	0.883433637346
137	0.811333579244
136	1.03409312835
136	1.03048144605
139	0.981172167597
139	1.08288553336
130	1.05154155687
142	0.968644842875
131	1.10979706086
138	1.12580274624
131	1.10213227828
134	1.04310085819
142	1.02829527567
130	1.11953139412
132	0.989154110096
142	1.02145514564
137	1.02455619306
137	0.931945232758
138	0.921150525957
137	1.09853216015
140	1.06166099904
140	1.09763974019
131	1.07524602008
143	0.992924353258
132	1.02199829319
139	0.950521101351
132	1.1064439697
135	0.982774588605
143	1.03581512143
131	0.908626824019
143	1.04497276898
133	0.999515196641
138	0.92222825446
138	0.974408088873
139	0.851105469449
138	0.834133794535
141	1.0561083194
141	0.949473504449
133	1.00502482875
132	1.13085634112
144	1.05963725346
140	1.07636676415
133	0.979698635544
136	1.17509764861
144	1.07629436858
144	0.935264859978
134	0.85222317969
132	0.924218953747
139	0.930998634148
139	1.03168365161
139	1.07908755613
140	0.972555318147
142	1.02761063827
142	1.00957842294
134	0.906544005769
133	0.927936076664
145	0.930992728781
141	1.01798779746
145	1.03528903872
137	1.12280485522
134	0.874787368481
145	1.08455329261
135	1.0350247723
140	1.08767317863
133	1.09053792123
140	1.0607696855
140	1.11284017531
141	0.99105410224
143	1.02934164339
135	0.999916650861
143	1.00011162236
134	0.858615935966
146	0.948913420086
146	0.843257611086
142	1.00640932792
138	0.983834024174
135	1.01003898704
146	1.04463530533
141	1.08259475457
136	0.973298953004
134	0.870084943428
141	0.994665971649
141	1.0291444622
142	0.868790573581
144	1.17558078788
136	0.904100354997
144	1.03830539614
147	1.04812863669
135	1.07927086233
147	0.903075052242
143	1.09990931551
139	1.0729918737
136	0.906400519671
147	0.897150187203
142	1.17747800476
137	0.879146966249
142	1.27742914522
135	1.04596282809
142	0.863892652797
143	0.954717256202
145	0.977267156319
137	0.931282772531
145	0.976264818687
148	1.09606013175
136	0.93935620397
148	1.07067706111
140	1.10348127945
144	0.986267977117
137	0.990842723462
148	0.994212554633
143	0.957352465738
143	1.05585913579
138	0.910236112092
136	0.944139354059
143	1.03840329987
144	0.968862533165
146	0.893241809803
138	1.05376860127
146	1.01913761322
149	1.04335540726
137	0.971740764236
141	0.932661177999
145	0.911769454965
149	1.10522910066
138	1.21785407092
149	0.958037120966
144	0.905036775742
144	1.00635529659
139	0.917052714173
137	0.920937157757
144	1.03311927223
145	0.960943018006
147	1.08219906888
139	1.09729093118
147	1.01359127061
150	0.880915977134
138	0.995787463336
142	1.03496456478
146	1.02951948465
150	0.924205966957
139	0.877395900529
150	1.03825163967
145	0.966100854292
145	1.01105590448
140	1.05800700437
138	0.89172859201
145	0.991869754895
146	1.04042229704
148	0.988597955289
140	0.960584576865
148	1.19129197396
151	0.886257015385
143	1.04003281216
139	1.00733164988
147	0.984910281439
151	1.03275160174
140	0.867546120317
151	0.971048837218
146	1.09598204078
146	0.952982602629
141	0.976566029601
139	0.993704042508
146	1.12287055316
147	1.03530166962
149	1.06845054278
141	0.95755196704
149	0.974838913993
152	1.01875116305
144	1.02925058024
140	0.994356412217
148	1.00292931387
152	1.10071937093
141	0.961910499535
152	0.993836550274
147	0.853581790495
147	0.96333471432
142	0.996736492867
140	0.909548333088
147	0.928665966512
148	1.05865983488
150	1.06414264688
142	0.930697124077
150	1.03090445271
153	0.983124249711
145	1.13470204655
149	0.815041301454
141	0.889359141497
153	0.913434526406
142	0.876390694608
153	1.13778326294
148	0.987475391671
148	0.985636714255
143	0.949449778161
141	0.934434606391
148	0.919513218166
149	0.967140794162
151	1.17142996675
143	1.11381408663
151	0.995433044203
154	0.896112107435
146	1.0729599943
150	0.942331417254
142	0.966289345094
154	1.05053119581
143	1.11763618335
149	0.911926607548
154	0.994113827947
149	1.03544663651
144	1.11146643363
142	1.03983536554
149	0.911154068991
152	0.945433948713
150	1.07612044187
144	0.896241949092
152	0.916241623565
155	0.86670071652
147	0.958598277305
151	0.937189321442
143	1.06692395783
155	0.975082798899
144	0.937576746738
150	0.916500783044
155	1.09968911062
150	0.920373832592
145	0.991582419887
143	1.02774948717
150	1.10224775747
153	0.958290021823
151	1.10112559855
145	1.08134196347
153	0.980336881924
156	0.965039268079
148	0.863156523039
152	0.953929616646
144	0.934234033626
156	0.992291168562
145	0.979090070701
151	0.989927592832
156	0.903243287094
151	1.00154138085
146	0.896532219369
144	1.08324637042
151	0.98411769921
154	1.02871791829
152	0.984610792009
146	0.978931119052
154	0.881685700768
157	0.943568496277
149	1.03732564778
153	0.98767600321
145	1.07130045038
157	0.902952267516
146	1.24457687315
152	1.02738971134
157	0.997867624159
152	1.05766023023
147	0.972216956007
145	1.00727281741
152	0.95541733243
155	1.18365753404
153	1.01620345027
147	1.02855858839
155	0.982174467881
158	0.991494377655
150	1.05935334918
154	0.967966044783
146	0.899404112749
158	0.942614599125
147	1.11413618394
153	1.03401780698
158	0.88346610167
153	0.988518254145
148	1.11246527262
146	1.04874846208
156	0.994142038548
153	1.09286321021
154	1.10789243249
148	1.04173960122
156	1.13212779966
151	1.03269865239
159	1.02453936861
155	0.991922129666
147	1.14507332912
159	1.00346600059
154	1.01385492295
148	1.06961940831
159	0.998834708802
154	0.925352456287
149	1.17257112795
147	1.06199082673
157	1.09689116061
154	1.0735283799
155	0.872481642084
149	1.10997543633
157	0.93307195449
152	1.02839726181
160	0.893913207053
156	1.01356447678
155	1.10332832646
148	1.08091404237
160	0.924773069777
149	0.958939761058
160	0.95742934926
155	1.0378176738
150	1.06610154744
148	1.12214828361
158	1.06796941826
155	1.04169306422
156	0.923554881556
150	1.00522750194
158	1.07916055037
153	0.940124960338
161	0.945364101604
157	0.921676841075
156	1.01371232517
149	0.938543308689
161	1.02833369886
150	0.927589168984
161	1.01472345973
156	1.00334620245
151	1.04006672285
149	0.976814587997
159	1.02928191991
156	1.09084305354
157	1.01560239401
151	0.927368699662
159	0.975115009617
154	0.968616978139
162	1.04463238976
158	0.95551428203
157	0.92569506139
162	0.925533380728
151	1.1275743479
150	0.921628904778
162	1.08718673797
157	0.918138576787
152	1.08763710789
150	0.930840085798
160	0.95587178867
157	1.00168879133
158	1.102566452
152	0.943683562652
160	1.00450347658
155	1.02232204618
163	1.0038352946
159	0.974640352127
158	0.907748372639
152	0.969240496004
163	1.0067356951
151	0.907372907103
163	1.04618544027
158	0.947969786676
153	1.19855746846
151	0.846391047345
161	0.908813749765
158	1.03579804123
159	0.987476676116
153	0.964494249773
161	0.977530987095
156	1.04206244244
164	0.888907415763
160	1.11575293124
159	1.06960579488
153	0.89623259444
164	0.977208758591
152	0.978661838249
159	0.994340352902
164	1.02194637242
154	1.02942353294
152	1.02021271913
162	1.02266136015
159	1.16489361055
160	1.01860527763
154	0.944228442969
162	0.919194245072
157	1.00434720938
165	0.946620891439
161	0.986540357642
160	1.0683033002
154	1.09683884353
165	0.969987591349
160	1.01480417015
165	0.996393572871
153	1.02492042133
155	1.09437729745
153	1.17515432861
163	0.879937409295
160	1.01948805978
161	0.990415570518
155	1.17309074178
158	0.995019720867
163	0.946997770599
166	1.16978636744
161	0.979402807167
162	1.0381650566
155	1.01998965449
161	1.04956116775
166	0.931365357588
166	1.16560495591
154	1.033066615
156	1.06456215546
154	0.99579043043
164	1.08943582274
161	0.868188903586
162	0.978126896035
156	1.19552821885
159	1.08473532174
164	0.957226495773
167	1.03513858106
162	1.01095275873
163	0.935530382235
162	1.06858655361
156	1.12041320142
167	1.05666243519
167	1.048920531
155	1.00788293149
157	1.11991205071
155	0.898182366592
165	1.03392189046
162	1.08796018305
163	1.16781042805
157	1.00338796663
160	1.04150922343
165	1.09163014607
168	1.17845820804
163	1.04724040039
164	0.987128365707
163	0.900725562011
157	1.04714635649
168	0.877861406438
168	0.985206587
156	0.981699690664
158	1.00696043108
156	0.984444294512
166	0.948202203433
163	1.02118746575
164	0.952572557771
158	0.979925688871
161	1.06751934236
166	1.05878236512
169	1.10514062489
164	0.922494917075
165	1.0357792437
164	0.966380004581
158	0.977711135401
169	1.08200472789
169	0.929538127895
157	1.10525603454
159	0.933377484242
167	0.898970826402
157	1.03716297388
164	1.19164431493
165	0.90931725711
159	0.986561450081
162	1.00449807432
167	0.947345276642
170	1.04128281771
165	1.02255162058
166	1.07712360778
165	0.906209960939
170	0.974556559709
159	0.777148829924
170	1.06975784525
158	1.04600586696
160	1.12954941091
168	0.935368705001
158	0.924615627923
165	1.10945408099
166	1.00524315407
160	1.06043533137
163	1.07903718777
168	0.947984881631
171	1.16801836102
166	0.950479554041
167	0.910076650723
166	1.16713921416
171	0.861845912084
160	1.02029589283
171	0.978705238855
159	1.07566319333
161	1.08815727588
169	1.02397237409
159	0.975737569703
166	1.02403651353
167	1.10766854154
161	1.01775754297
164	1.03526235782
169	1.0662798212
172	0.952357359802
167	0.909930830579
168	0.962273370862
167	1.00961686076
172	1.06102766614
161	0.955316055544
172	0.929501950112
160	0.955751838225
170	0.989668442506
162	0.900759765788
160	1.15153560443
167	0.928793909639
168	1.05979864351
162	1.16437975804
165	0.965186910082
173	1.01492049636
170	1.02602549781
168	1.09365522789
169	0.932763791493
168	1.10231943605
173	0.975903963206
162	0.92644364467
173	0.943627674114
161	0.945118184362
171	1.03862930394
163	1.0131111923
161	0.901094896858
168	0.888786061647
169	0.907189387244
163	0.98290843207
166	0.975248787019
169	1.13245933641
174	1.03241423747
171	1.12998157864
170	0.992102379621
169	1.17859411445
174	0.917145224901
163	0.930704723146
174	0.980120530085
162	0.970264549017
172	1.09658653828
164	1.17393197957
162	1.03281051716
169	1.00601294488
170	0.86398771483
164	0.906489381332
167	0.934681636845
170	0.953284243893
175	1.00089216913
172	1.03324526927
171	0.979147326276
170	0.968897620725
175	0.974800835397
164	0.95134839627
175	1.07446024368
163	1.0404078541
173	0.888811270394
165	0.938915883425
163	0.927263776441
170	1.06655086178
171	0.923174136227
165	1.02832727586
168	0.992615496657
171	0.865548536065
176	1.0964085518
173	1.04381214282
172	1.0049828761
171	0.906406549139
176	1.084830103
165	0.909460109116
176	1.07406479855
164	0.955001601582
174	1.12391872934
166	1.01660403619
164	1.05398875022
171	0.917302266129
172	0.897059315133
166	1.05205294561
169	0.99225786825
172	0.925981083957
177	1.03636525065
174	0.993285779362
173	0.913447109175
172	1.07412825145
177	1.01435260589
166	1.09408473143
177	1.02290061213
165	0.940484019628
175	0.957780747052
167	1.01109236592
165	1.11615293818
172	0.80767625483
173	0.813612846415
167	1.09755895275
170	0.989504587366
173	0.977166147355
178	1.05288332156
175	1.0676778157
174	1.03926185035
173	1.03743548732
178	1.02780326541
167	1.03803354654
178	0.992790637145
166	1.0233695939
176	0.995218070403
168	1.03750582887
166	1.05236798728
173	1.03810209352
174	1.14747995637
168	1.00615675762
171	0.911671394587
174	0.961208350618
179	0.97513909977
176	0.996937414464
175	1.07489707712
174	1.09251028726
179	1.07066518107
168	1.07430861026
179	1.11685293162
177	0.98906089245
167	1.07068533147
169	1.0992408947
167	1.02328305304
174	0.912318266254
175	1.11649842809
169	1.12613163669
175	1.0241937244
172	0.906239297423
180	1.0388299339
177	0.979329582278
176	0.913493001909
175	1.17121499344
180	0.940458539018
169	0.917411289956
180	0.940129244885
178	0.94397172329
168	0.954981806483
170	1.09066859361
168	1.13160880511
175	1.03202002442
176	1.02074311579
170	1.03313230339
176	0.984190970056
173	0.854516869701
181	0.930667019624
178	1.02283062765
177	0.995217090128
176	0.914822615747
181	1.01275750805
170	0.999997376399
181	1.07288723864
179	0.890927599667
169	0.924546519127
171	1.09015853613
169	1.18715298282
176	0.973735754557
177	0.956066860068
171	0.966158645891
177	0.984661466721
174	0.978985155017
182	1.01296253151
179	0.888327049949
178	0.921250382329
177	0.974347531506
182	0.901906523778
171	1.03579683104
182	1.02159461119
180	1.00132940765
170	1.04554810515
172	1.20508885386
170	1.02068547598
177	1.11888604665
172	0.996629220851
178	0.903926527543
178	0.982097247727
175	1.18392863715
183	1.12906961445
180	0.949840399938
178	0.999171309256
179	1.0522518734
183	1.02368863443
172	1.05330929079
183	0.86925386794
181	1.07570067689
171	1.07411004422
173	1.01628861208
171	0.902275747233
178	0.982358710064
173	0.902734047544
179	0.967946367304
179	0.909513533003
176	0.912582329727
184	1.054742025
181	1.0155785968
179	0.945376383951
180	1.08733381877
184	0.938843397591
173	0.926853512571
184	0.941548760045
182	0.878416956951
172	0.950977633544
174	1.13830073939
172	1.07691070372
179	0.949964225959
180	0.834307999558
174	0.876899484371
180	1.01609793811
177	1.00373231426
185	1.02565962763
182	1.0728082201
180	0.994427384725
181	0.953794030714
185	0.962064541209
174	0.998750032903
185	0.947791243361
183	1.09236434086
173	1.13790381423
175	0.895239188121
173	0.970131255094
180	0.908569638002
181	0.965836480692
175	0.976847257889
181	0.949442941532
178	1.05971827412
186	0.961137724957
183	0.999753177264
181	0.954713483999
182	0.976009300814
186	1.00401802918
175	0.946039715074
186	1.03997125477
184	0.9155306206
174	0.964614081141
176	1.00866667505
174	0.857393382881
181	0.956250752983
182	1.04064654724
176	0.977263088077
179	0.96484290855
182	1.01817796274
187	0.898209116369
184	0.952417227822
182	1.08930981171
183	0.956352670572
187	0.968756414896
176	1.03644441712
187	1.04242411818
185	1.01378010899
175	1.07545897432
177	0.971569338913
175	0.988227857182
182	0.926616488913
183	1.00672254239
177	1.08764398445
180	0.922592810391
183	1.00898235486
188	0.893956095071
185	1.00381119786
183	1.09915361147
184	1.05355439224
188	1.06857121208
188	0.957773887385
177	0.980625605826
186	1.02925014004
176	0.904660173482
178	1.11840228537
176	0.986877822709
183	0.961209389767
184	0.99280400965
178	1.02408702745
181	1.00804343964
184	0.923043407209
189	1.11618220456
186	0.891210027419
184	1.15272246934
185	1.00013139594
189	1.06261479626
189	1.00021995175
178	1.03377893355
187	0.880409530102
177	1.17734725091
179	0.978974851438
177	0.977496455919
185	1.07790564465
184	1.06483225757
179	1.00912089932
182	0.899959690231
190	1.07277537358
185	0.878905529659
187	0.919909555989
185	1.117161028
186	1.14116349903
190	1.11367496665
188	0.971273245666
190	0.932825460634
179	1.03569796363
178	1.02957047689
180	1.02096789905
178	1.07632208691
186	0.921485782332
185	0.964688419527
180	1.01544966563
183	0.922764644729
191	0.877049617827
186	1.08673851252
188	1.012303721
186	0.93841004607
187	0.907310290032
191	0.924836579214
189	1.03707781203
191	1.0195548392
180	0.941257579728
179	0.919234304946
181	0.908193903178
179	0.986512292503
187	1.0697554279
186	0.969896646292
181	0.991162066014
184	0.9751450654
192	1.07282090619
187	1.01271095109
189	0.962429488328
187	0.945183863949
188	1.04947741664
190	1.04024256277
192	0.929142249869
192	0.921172663576
181	0.871721132165
180	1.0485872602
182	0.931191358044
180	0.945014143024
188	1.12215859544
187	1.17202517638
182	0.988852564194
185	0.949006359658
193	0.967137534374
188	0.8819048012
190	0.944174244595
188	0.918773505098
189	1.11919129046
191	1.03763634157
193	1.08762015485
193	1.00283635836
182	0.87246957024
181	0.998454328747
183	1.04581502074
189	1.00717938756
181	0.945018092945
188	1.03684770913
183	0.957621840011
186	1.05063820977
194	1.09643907734
189	0.924830800246
191	0.921876255083
189	1.05206583397
190	1.07677633039
192	0.928791317792
194	1.08782719579
194	0.943239908638
183	1.03390013749
182	1.10198130814
184	1.06934105841
190	0.910844427302
182	1.035167233
189	0.900952080271
195	1.06063737333
187	0.966542728202
184	1.05223353336
190	1.02532703477
190	0.967297659778
192	1.02750323282
191	0.946744993318
193	0.944293545111
195	1.01502813193
195	0.971629851912
184	1.03824508386
183	0.917793404137
185	1.07668681537
191	1.07176169517
183	1.11453938336
190	0.959995983712
196	1.03134874646
188	0.873401187813
185	0.938764365185
191	0.936983880292
193	0.970900776243
191	0.909625392516
192	1.01381312701
194	1.06300871947
196	0.940448666042
196	0.966768092366
185	0.999346881006
184	0.863749653778
186	1.01457944309
192	0.88121926139
184	0.976185645103
191	0.971177790812
197	0.992567757372
189	1.00518524082
186	1.03709813057
192	0.926021784208
194	0.98554332949
192	0.969903275744
193	1.08352459
195	0.925543213165
197	1.00693130556
197	0.97435210925
186	0.894897179538
185	1.03413758411
187	0.999263917426
193	0.883745729665
192	0.919970529631
185	1.03387002214
198	0.989110356343
190	1.09130030118
187	1.0305377517
193	0.951622274372
195	0.952724281073
193	1.02842483456
196	1.12570181927
194	1.0974332507
198	1.03853499583
198	0.975053403841
187	0.945621519932
186	1.14555068019
194	1.02378814049
188	0.902901017818
193	0.95575109875
199	1.07137380007
186	1.03408955538
191	1.17021093534
188	1.00885156053
194	1.04628607382
196	0.983061152344
194	1.00673596338
197	1.03154977222
195	1.07692306643
199	0.978354074378
199	0.913878096697
188	0.836840967032
187	1.01940612194
195	1.01100151808
189	1.02115348494
200	0.994179506519
194	0.973058722173
187	1.15356187404
189	1.09905949873
192	0.968647403098
195	0.935732233389
197	1.1024041085
195	0.94158810802
198	1.00553499606
196	0.984552949206
